timestamp rot_error_deg rot_chordal_error trans_abs_error trans_norm_error
24.0049 120.015 2.44967 43.7632 1.42448
24.0549 0.860551 0.0212405 0 0
24.1049 0.302266 0.00746073 0 0
24.1549 0.449604 0.0110974 0 0
24.3549 0.055115 0.00136039 0 0
24.5549 0.0772061 0.00190565 0 0
24.7549 0.0297535 0.000734396 0 0
24.9049 0.0645699 0.00159376 0 0
25.1049 0.0487471 0.00120321 0 0
25.3049 0.0865954 0.00213741 0 0
25.5049 0.0527376 0.00130171 0 0
25.6549 0.0426493 0.0010527 0 0
25.8549 0.0144029 0.000355501 0 0
26.0549 0.0517289 0.00127681 0 0
26.2049 0.0910566 0.00224752 0 0
26.4049 0.124387 0.0030702 0 0
26.5549 0.0838259 0.00206905 0 0
26.7549 0.1732 0.00427504 0 0
26.9549 0.109604 0.00270532 0 0
27.1049 0.0892694 0.00220341 0 0
27.3049 0.118649 0.00292858 0 0
27.5049 0.120682 0.00297875 0 0
27.6549 0.0513488 0.00126743 0 0
27.8549 0.0465741 0.00114957 0 0
28.0049 0.0370121 0.000913558 0 0
28.1549 0.0560096 0.00138247 0 0
28.3549 0.112642 0.0027803 0 0
28.5549 0.0521569 0.00128737 0 0
28.7049 1.9383 0.0478402 0 0
28.9049 0.103403 0.00255227 0 0
29.1049 0.112781 0.00278374 0 0
29.3049 0.0956712 0.00236142 0 0
29.5049 0.0956063 0.00235982 0 0
29.6549 0.090429 0.00223203 0 0
29.7549 0.0491533 0.00121324 0 0
29.9549 0.0817888 0.00201877 0 0
30.2549 0.0320097 0.000790086 0 0
30.4549 0.0929993 0.00229547 0 0
30.6049 0.0287979 0.000710809 0 0
30.8049 0.195646 0.00482906 0 0
30.9549 0.0443986 0.00109588 0 0
31.1049 0.340884 0.00841392 0 0
31.2549 0.118559 0.00292636 0 0
31.5049 1.30815 0.0322879 0 0
31.6549 1.22814 0.0303133 0 0
31.8549 2.10087 0.0518523 0 0
32.0549 2.39083 0.0590079 0 0
32.2049 1.89361 0.0467373 0 0
32.3049 1.22558 0.03025 0 0
32.4049 1.45071 0.0358064 0 0
32.6049 2.64469 0.0652723 0 0
32.9049 4.05499 0.100067 0 0
33.1049 2.79229 0.0689145 0 0
33.2049 0.86234 0.0212847 0 0
33.3049 1.32586 0.032725 0 0
33.5049 2.2586 0.0557448 0 0
33.5549 0.825997 0.0203876 0 0
33.9049 4.76263 0.117521 0 0
34.0049 1.38147 0.0340976 0 0
34.1549 2.10823 0.0520338 0 0
34.3049 2.09322 0.0516633 0 0
34.5549 3.45017 0.0851465 0 0
34.6549 0.573506 0.0141556 0 0
34.8549 2.45935 0.0606986 0 0
35.0549 2.8117 0.0693934 0 0
35.3549 4.34341 0.107181 0 0
35.5549 2.97061 0.0733145 0 0
35.6049 0.741547 0.0183032 0 0
35.8049 3.11989 0.0769979 0 0
36.1049 4.30447 0.106221 0 0
36.2549 2.06583 0.0509876 0 0
36.4549 3.42946 0.0846356 0 0
36.6049 2.45841 0.0606755 0 0
36.8049 2.9369 0.0724827 0 0
36.9049 1.44062 0.0355573 0 0
37.0549 2.5504 0.0629455 0 0
37.1049 0.762125 0.0188111 0 0
37.3549 3.37761 0.0833563 0 0
37.4049 0.690421 0.0170413 0 0
37.7049 2.47509 0.0610871 0 0
37.8549 0.653118 0.0161206 0 0
38.0049 0.804492 0.0198569 0 0
38.2549 0.862306 0.0212838 0 0
38.5049 0.400063 0.0098746 0 0
38.6049 0.759726 0.0187519 0 0
38.8049 1.89547 0.0467831 0 0
38.8549 0.192059 0.00474054 0 0
39.1049 3.34756 0.0826149 0 0
39.2549 0.311244 0.00768233 0 0
39.5049 3.08713 0.0761894 0 0
39.6549 2.41448 0.0595915 0 0
39.8549 2.77719 0.0685418 0 0
40.0049 2.01143 0.049645 0 0
40.2049 1.97855 0.0488335 0 0
40.4049 1.28342 0.0316776 0 0
40.4549 0.666261 0.016445 0 0
40.6549 0.145221 0.00358445 0 0
40.7049 0.808934 0.0199665 0 0
41.0549 1.40635 0.0347117 0 0
41.3049 0.553326 0.0136575 0 0
41.3549 0.169958 0.00419501 0 0
41.5549 0.28508 0.00703654 0 0
41.6549 0.51767 0.0127774 0 0
41.9049 1.89701 0.0468213 0 0
41.9549 0.667434 0.016474 0 0
42.2049 2.6956 0.0665285 0 0
42.4049 2.39829 0.0591919 0 0
42.6049 2.58676 0.0638428 0 0
42.6549 0.377688 0.00932234 0 0
42.9049 3.23233 0.0797721 0 0
43.0549 2.00424 0.0494675 0 0
43.3049 3.11116 0.0767824 0 0
43.4549 0.822673 0.0203056 0 0
43.5549 0.132827 0.00327853 0 0
43.7049 0.318396 0.00785886 0 0
43.7549 0.316189 0.00780438 0 0
44.0049 1.71252 0.042268 0 0
44.1549 1.5074 0.0372056 0 0
44.2049 0.623802 0.015397 0 0
44.5549 4.1482 0.102366 0 0
44.7549 2.65251 0.0654653 0 0
44.8049 0.762606 0.018823 0 0
44.9049 1.54032 0.0380182 0 0
45.1549 3.25141 0.0802428 0 0
45.5049 5.06415 0.124956 0 0
45.7049 2.79859 0.06907 0 0
45.7549 0.829983 0.020486 0 0
45.9549 2.78601 0.0687593 0 0
46.1049 2.19869 0.0542663 0 0
46.3049 2.73578 0.0675199 0 0
46.3549 1.10345 0.0272356 0 0
46.5549 2.90804 0.0717706 0 0
46.6049 0.671824 0.0165823 0 0
46.8049 2.93536 0.0724446 0 0
47.1049 5.02681 0.124035 0 0
47.1549 0.921001 0.0227325 0 0
47.5049 4.77426 0.117808 0 0
47.7549 3.48469 0.0859982 0 0
47.9549 2.74959 0.0678608 0 0
48.0049 0.862655 0.0212924 0 0
48.2549 3.78126 0.0933147 0 0
48.3049 1.10544 0.0272848 0 0
48.4549 2.54918 0.0629155 0 0
48.6049 1.99506 0.0492411 0 0
48.9049 4.3331 0.106927 0 0
49.0049 1.39014 0.0343115 0 0
49.2549 3.52628 0.0870243 0 0
49.4549 2.8259 0.0697436 0 0
49.7049 3.91627 0.0966452 0 0
49.8049 1.4397 0.0355347 0 0
50.0049 2.86021 0.0705903 0 0
50.1549 2.32068 0.0572766 0 0
50.4549 4.19555 0.103534 0 0
50.6549 2.82265 0.0696636 0 0
50.8049 2.11137 0.0521114 0 0
50.9549 2.24934 0.0555163 0 0
51.0049 0.863878 0.0213226 0 0
51.1549 1.50365 0.0371129 0 0
51.4049 2.21964 0.0547833 0 0
51.6549 1.09512 0.0270301 0 0
51.8549 0.506432 0.0125001 0 0
52.0549 0.771739 0.0190484 0 0
52.2049 1.272 0.0313956 0 0
52.4049 2.56068 0.0631993 0 0
52.6049 2.54492 0.0628102 0 0
52.8049 2.66665 0.065814 0 0
52.9549 2.20732 0.0544792 0 0
53.1549 1.90967 0.0471335 0 0
53.3049 1.12896 0.0278652 0 0
53.5049 0.478814 0.0118184 0 0
53.6549 0.422553 0.0104297 0 0
53.7049 0.244288 0.00602968 0 0
53.9049 1.88938 0.0466328 0 0
54.0549 1.18719 0.0293025 0 0
54.3049 2.61431 0.0645225 0 0
54.5049 2.51487 0.0620686 0 0
54.5549 0.277945 0.00686041 0 0
54.8049 3.22765 0.0796564 0 0
55.1049 4.10939 0.101409 0 0
55.3049 2.74917 0.0678503 0 0
55.5049 2.79703 0.0690313 0 0
55.6049 1.07208 0.0264614 0 0
55.7549 2.11852 0.0522877 0 0
55.8049 0.788797 0.0194695 0 0
56.0049 2.79952 0.0690928 0 0
56.2549 3.65215 0.0901296 0 0
56.5549 4.24117 0.10466 0 0
56.7049 2.22087 0.0548135 0 0
56.9049 2.78144 0.0686466 0 0
56.9549 1.05425 0.0260213 0 0
57.1049 2.05849 0.0508062 0 0
57.3549 3.5653 0.087987 0 0
57.5049 2.18525 0.0539345 0 0
57.7549 3.20794 0.0791702 0 0
57.9049 1.48693 0.0367005 0 0
58.1549 3.73778 0.0922421 0 0
58.2049 1.06601 0.0263116 0 0
58.2549 0.890794 0.021987 0 0
58.5049 1.7075 0.0421441 0 0
58.7049 1.10815 0.0273517 0 0
58.7549 0.101039 0.00249392 0 0
58.9049 0.43172 0.010656 0 0
59.0549 0.720386 0.0177809 0 0
59.2049 0.760035 0.0187596 0 0
59.4549 1.85924 0.045889 0 0
59.5549 1.21604 0.0300145 0 0
59.9049 4.6866 0.115646 0 0
60.0049 1.31872 0.0325489 0 0
60.2549 3.64956 0.0900656 0 0
60.4049 2.15305 0.05314 0 0
60.5049 1.67792 0.0414141 0 0
60.7549 2.71994 0.0671292 0 0
60.8049 1.20634 0.0297752 0 0
61.0049 3.38144 0.0834509 0 0
61.2549 3.42254 0.0844648 0 0
61.5049 3.58955 0.0885852 0 0
61.7549 3.91578 0.0966331 0 0
61.9049 2.21932 0.0547752 0 0
61.9549 0.971202 0.0239716 0 0
62.1049 3.07756 0.0759534 0 0
62.2049 1.43307 0.0353712 0 0
62.4049 4.03285 0.0995211 0 0
62.4549 1.04774 0.0258607 0 0
62.7049 3.44258 0.0849593 0 0
62.9549 3.47713 0.0858118 0 0
63.0049 0.688519 0.0169944 0 0
63.2049 3.03728 0.0749594 0 0
63.4549 3.75534 0.0926754 0 0
63.7049 6.1265 0.151146 0 0
63.9049 2.7672 0.0682953 0 0
64.1049 2.71997 0.0671298 0 0
64.2549 2.05962 0.0508342 0 0
64.5049 2.37853 0.0587042 0 0
64.6549 0.976955 0.0241136 0 0
64.9049 1.17321 0.0289575 0 0
65.0549 0.792288 0.0195556 0 0
65.2549 1.69682 0.0418805 0 0
65.4049 1.45038 0.0357984 0 0
65.6049 2.25003 0.0555331 0 0
65.7549 1.58728 0.039177 0 0
65.9549 2.53039 0.0624517 0 0
66.1049 1.9101 0.0471441 0 0
66.3049 1.47907 0.0365065 0 0
66.5049 1.85892 0.0458812 0 0
66.6549 1.27441 0.0314553 0 0
66.8549 1.78061 0.0439484 0 0
67.0549 2.08622 0.0514907 0 0
67.3049 2.67261 0.0659613 0 0
67.4549 1.81894 0.0448944 0 0
67.6549 2.89781 0.0715181 0 0
67.7049 0.962447 0.0237555 0 0
67.8549 2.08466 0.0514521 0 0
67.9049 0.685409 0.0169176 0 0
68.1549 3.82208 0.0943217 0 0
68.2049 0.693211 0.0171102 0 0
68.4549 1.5362 0.0379165 0 0
68.7049 2.18982 0.0540472 0 0
68.7549 0.477562 0.0117875 0 0
69.1049 3.1735 0.0783205 0 0
69.3049 2.82466 0.0697131 0 0
69.5549 2.8126 0.0694155 0 0
69.7049 1.16075 0.02865 0 0
69.8549 0.608006 0.0150072 0 0
70.0049 0.477166 0.0117777 0 0
70.2049 0.276626 0.00682787 0 0
70.4049 0.185649 0.00458231 0 0
70.4549 0.203774 0.0050297 0 0
70.6049 0.868068 0.021426 0 0
70.8049 1.52614 0.0376681 0 0
71.1549 3.69683 0.0912318 0 0
71.3049 1.70673 0.042125 0 0
71.4549 1.72168 0.042494 0 0
71.6049 2.15818 0.0532665 0 0
71.8049 2.55545 0.0630701 0 0
72.0049 3.14011 0.0774966 0 0
72.1549 1.94668 0.0480469 0 0
72.3549 2.6276 0.0648505 0 0
72.5049 2.22813 0.0549927 0 0
72.6549 2.11072 0.0520954 0 0
72.8549 2.77831 0.0685694 0 0
73.0549 2.96199 0.0731017 0 0
73.1049 0.693644 0.0171209 0 0
73.3049 3.11902 0.0769762 0 0
73.5049 3.05763 0.0754615 0 0
73.7549 3.58319 0.0884284 0 0
73.9549 3.28994 0.0811935 0 0
74.1049 2.50405 0.0618017 0 0
74.3049 2.69904 0.0666134 0 0
74.4049 1.39284 0.0343781 0 0
74.6549 3.58488 0.0884699 0 0
74.9049 3.9562 0.0976301 0 0
75.1549 3.57127 0.0881344 0 0
75.3549 2.83785 0.0700386 0 0
75.4049 0.699407 0.0172631 0 0
75.6049 2.94268 0.0726253 0 0
75.7549 2.24112 0.0553133 0 0
76.0049 3.82498 0.0943932 0 0
76.0549 0.898013 0.0221651 0 0
76.3049 3.62509 0.089462 0 0
76.3549 1.15995 0.0286303 0 0
76.6549 4.34799 0.107294 0 0
76.8549 3.18279 0.0785498 0 0
77.1549 3.62567 0.0894764 0 0
77.5049 0.815519 0.020129 0 0
77.5549 0.211311 0.00521571 0 0
77.7549 1.19188 0.0294183 0 0
77.9049 1.42549 0.035184 0 0
78.1049 1.99968 0.049355 0 0
78.2549 2.06563 0.0509825 0 0
78.4549 2.58622 0.0638293 0 0
78.7049 3.11639 0.0769114 0 0
78.9049 2.62257 0.0647264 0 0
79.1049 2.747 0.0677968 0 0
79.2549 2.0657 0.0509842 0 0
79.3049 0.900565 0.0222281 0 0
79.6049 4.06061 0.100206 0 0
79.9049 4.23791 0.104579 0 0
79.9549 0.840855 0.0207544 0 0
80.1549 3.30032 0.0814495 0 0
80.3049 2.12014 0.0523277 0 0
80.6049 4.32192 0.106651 0 0
80.8549 3.24971 0.0802007 0 0
81.0049 1.40455 0.0346672 0 0
81.1549 1.01669 0.0250942 0 0
81.3049 0.7139 0.0176209 0 0
81.4049 0.348003 0.00858962 0 0
81.6549 0.663704 0.0163819 0 0
81.9549 0.410855 0.010141 0 0
82.0049 0.598882 0.0147819 0 0
82.1549 0.480983 0.0118719 0 0
82.3049 0.816047 0.0201421 0 0
82.5549 2.21988 0.0547891 0 0
82.6549 1.0606 0.0261782 0 0
82.7549 0.254651 0.00628545 0 0
83.0049 1.99718 0.0492932 0 0
83.3049 0.281386 0.00694536 0 0
83.5049 1.27919 0.0315731 0 0
83.7049 1.62861 0.040197 0 0
83.8549 1.23017 0.0303634 0 0
84.0049 0.852417 0.0210397 0 0
84.0549 0.289688 0.00715028 0 0
84.2549 0.695302 0.0171618 0 0
84.3549 0.432021 0.0106634 0 0
84.6549 0.785363 0.0193847 0 0
84.8049 0.0960181 0.00236998 0 0
84.9549 0.196029 0.00483852 0 0
85.2549 0.19617 0.00484201 0 0
85.3049 0.445578 0.010998 0 0
85.5049 0.276845 0.00683328 0 0
85.7049 0.358817 0.00885654 0 0
85.9049 0.113465 0.00280061 0 0
86.2049 0.958271 0.0236524 0 0
86.4049 0.060323 0.00148893 0 0
86.6049 0.107585 0.00265548 0 0
86.7549 0.518623 0.012801 0 0
86.9049 0.794768 0.0196168 0 0
87.0549 0.058414 0.00144182 0 0
87.2549 0.365541 0.00902253 0 0
87.3049 0.420858 0.0103879 0 0
87.5049 0.101351 0.0025016 0 0
87.7049 0.381118 0.00940699 0 0
88.0049 0.0941432 0.00232371 0 0
88.1549 0.304644 0.00751943 0 0
88.2049 0.1427 0.00352222 0 0
88.4549 1.7154 0.0423392 0 0
88.5049 0.318795 0.00786872 0 0
88.5549 0.470801 0.0116206 0 0
88.7549 1.44271 0.035609 0 0
89.0049 1.24051 0.0306186 0 0
89.2549 1.23672 0.030525 0 0
89.5049 1.301 0.0321114 0 0
89.6549 1.05649 0.0260767 0 0
89.8549 0.35878 0.00885564 0 0
90.0049 0.163225 0.00402884 0 0
90.0549 0.600736 0.0148277 0 0
90.2549 1.20955 0.0298545 0 0
90.4549 1.74974 0.0431867 0 0
90.5049 0.27093 0.00668728 0 0
90.7549 2.52469 0.0623111 0 0
90.9049 0.615566 0.0151938 0 0
91.2049 0.140631 0.00347114 0 0
91.3549 1.60534 0.0396227 0 0
91.5549 1.97595 0.0487693 0 0
91.6049 0.11567 0.00285505 0 0
91.8549 2.49411 0.0615564 0 0
92.0549 1.46198 0.0360846 0 0
92.1049 0.416209 0.0102731 0 0
92.1549 0.118899 0.00293476 0 0
92.3549 0.438835 0.0108316 0 0
92.4549 0.511325 0.0126208 0 0
92.7549 0.467296 0.0115341 0 0
92.8049 0.0844374 0.00208414 0 0
93.0549 0.342947 0.00846485 0 0
93.2049 0.687514 0.0169696 0 0
93.4549 1.38292 0.0341333 0 0
93.6049 2.51268 0.0620148 0 0
93.8049 1.9475 0.0480672 0 0
94.0049 2.40027 0.0592407 0 0
94.0549 1.03283 0.0254928 0 0
94.3049 1.37272 0.0338815 0 0
94.4549 1.55233 0.0383145 0 0
94.5049 0.334717 0.0082617 0 0
94.7549 1.5366 0.0379263 0 0
94.8049 1.07426 0.0265152 0 0
95.0049 5.87433 0.144931 0 0
95.2049 1.79051 0.0441929 0 0
95.2549 0.356844 0.00880786 0 0
95.5049 1.65067 0.0407417 0 0
95.5549 0.828884 0.0204589 0 0
95.7549 0.384503 0.00949055 0 0
95.8549 0.225921 0.00557632 0 0
96.0049 0.289584 0.00714769 0 0
96.3049 1.76516 0.0435671 0 0
96.3549 0.517124 0.012764 0 0
96.7049 3.33218 0.0822355 0 0
96.7549 0.473166 0.011679 0 0
97.1049 4.34858 0.107309 0 0
97.1549 1.06508 0.0262887 0 0
97.4049 3.26635 0.0806114 0 0
97.5549 1.94374 0.0479744 0 0
97.6049 1.03329 0.025504 0 0
97.8549 3.3755 0.0833045 0 0
97.9549 1.27697 0.0315185 0 0
98.2049 3.23777 0.0799062 0 0
98.3049 1.63405 0.0403314 0 0
98.5549 3.17705 0.0784081 0 0
98.7049 1.88167 0.0464426 0 0
99.0049 4.03643 0.0996093 0 0
99.2049 2.92659 0.0722283 0 0
99.2549 0.787768 0.0194441 0 0
99.4049 1.43048 0.0353072 0 0
99.5549 2.62412 0.0647647 0 0
99.6049 0.745677 0.0184052 0 0
99.8049 3.20951 0.079209 0 0
100.055 3.8457 0.0949045 0 0
100.255 2.82396 0.0696959 0 0
100.455 3.10824 0.0767103 0 0
100.555 0.719901 0.017769 0 0
100.755 3.11666 0.0769181 0 0
100.805 0.772153 0.0190587 0 0
100.955 2.42331 0.0598092 0 0
101.105 2.70045 0.0666482 0 0
101.355 3.22977 0.0797089 0 0
101.405 0.193484 0.0047757 0 0
101.455 0.751663 0.0185529 0 0
101.705 3.57948 0.0883367 0 0
101.905 3.35417 0.082778 0 0
102.155 3.79685 0.0936993 0 0
102.255 1.85918 0.0458876 0 0
102.455 3.09478 0.0763782 0 0
102.505 0.30742 0.00758795 0 0
102.605 1.49401 0.0368751 0 0
102.955 2.99006 0.0737942 0 0
103.005 0.130914 0.00323131 0 0
103.255 0.203191 0.0050153 0 0
103.355 0.252346 0.00622856 0 0
103.505 0.70622 0.0174313 0 0
103.755 0.235907 0.00582282 0 0
104.055 1.60258 0.0395546 0 0
104.255 0.800639 0.0197618 0 0
104.455 0.390988 0.00965061 0 0
104.655 0.176868 0.00436557 0 0
104.805 0.133632 0.00329841 0 0
104.905 0.64739 0.0159792 0 0
105.105 2.69824 0.0665936 0 0
105.155 0.349523 0.00862715 0 0
105.355 2.24498 0.0554085 0 0
105.555 2.37212 0.058546 0 0
105.855 2.46878 0.0609314 0 0
106.055 0.781796 0.0192967 0 0
106.255 0.586491 0.0144761 0 0
106.405 0.37973 0.00937274 0 0
106.605 0.195885 0.00483496 0 0
106.755 0.219713 0.00542311 0 0
106.905 0.120437 0.00297271 0 0
107.005 1.0916 0.0269432 0 0
107.205 0.0699913 0.00172757 0 0
107.405 0.114826 0.00283422 0 0
107.655 1.01261 0.0249936 0 0
107.855 1.62882 0.0402023 0 0
107.955 0.873325 0.0215558 0 0
108.155 2.20378 0.0543919 0 0
108.255 1.03961 0.0256601 0 0
108.555 2.96307 0.0731284 0 0
108.605 0.750777 0.0185311 0 0
108.705 0.575286 0.0141995 0 0
108.905 0.928045 0.0229064 0 0
109.005 0.44432 0.010967 0 0
109.255 0.322448 0.00795886 0 0
109.505 0.428618 0.0105794 0 0
109.705 0.229624 0.00566774 0 0
109.855 0.320636 0.00791415 0 0
110.105 1.52967 0.0377553 0 0
110.155 0.117368 0.00289695 0 0
110.405 2.09307 0.0516597 0 0
110.655 2.87047 0.0708434 0 0
110.855 1.95228 0.0481852 0 0
111.105 1.88877 0.0466177 0 0
111.155 0.264686 0.00653315 0 0
111.355 0.943016 0.0232759 0 0
111.405 0.732342 0.0180761 0 0
111.605 0.843199 0.0208122 0 0
111.655 0.396197 0.00977918 0 0
111.705 0.334647 0.00825996 0 0
111.905 1.76663 0.0436035 0 0
112.255 3.95529 0.0976079 0 0
112.505 2.87844 0.0710402 0 0
112.705 2.40934 0.0594645 0 0
112.755 0.93886 0.0231733 0 0
112.955 2.48237 0.0612668 0 0
113.005 1.0946 0.0270173 0 0
113.255 3.17214 0.0782869 0 0
113.305 1.39485 0.0344278 0 0
113.505 3.00336 0.0741225 0 0
113.605 1.52416 0.0376194 0 0
113.855 3.70114 0.0913381 0 0
113.955 1.45707 0.0359635 0 0
114.255 3.89457 0.0961101 0 0
114.455 1.69702 0.0418856 0 0
114.705 2.70152 0.0666747 0 0
114.755 0.627298 0.0154833 0 0
114.955 2.0894 0.0515691 0 0
115.005 0.521578 0.0128739 0 0
115.255 3.07806 0.0759657 0 0
115.355 1.51346 0.0373553 0 0
115.555 2.57898 0.0636507 0 0
115.605 0.787655 0.0194413 0 0
116.005 3.25158 0.0802468 0 0
116.105 0.584779 0.0144339 0 0
116.405 0.840489 0.0207453 0 0
116.555 0.876795 0.0216414 0 0
116.605 0.133796 0.00330244 0 0
116.805 0.202521 0.00499877 0 0
116.955 0.328968 0.00811979 0 0
117.105 0.948702 0.0234162 0 0
117.255 0.0948654 0.00234153 0 0
117.505 0.272726 0.00673161 0 0
117.705 0.9412 0.0232311 0 0
118.005 2.01905 0.0498329 0 0
118.055 0.401511 0.00991035 0 0
118.255 0.622026 0.0153532 0 0
118.305 0.197368 0.00487157 0 0
118.505 0.384014 0.00947848 0 0
118.655 0.349868 0.00863567 0 0
118.905 1.58031 0.0390052 0 0
118.955 0.384341 0.00948655 0 0
119.155 1.46721 0.0362137 0 0
119.355 0.915492 0.0225966 0 0
119.405 0.257904 0.00636575 0 0
119.655 0.567815 0.0140151 0 0
119.755 0.201573 0.00497536 0 0
120.005 0.428878 0.0105858 0 0
120.255 0.240804 0.00594369 0 0
120.355 0.130195 0.00321355 0 0
120.455 0.0482641 0.00119129 0 0
120.655 0.0719846 0.00177677 0 0
120.755 0.0861602 0.00212666 0 0
121.055 0.0455336 0.00112389 0 0
121.155 0.057266 0.00141348 0 0
121.455 0.110886 0.00273697 0 0
121.555 0.0320124 0.000790151 0 0
121.705 0.129376 0.00319335 0 0
121.905 0.0784577 0.00193655 0 0
122.055 0.0721002 0.00177963 0 0
122.305 0.119855 0.00295835 0 0
122.455 0.0638856 0.00157687 0 0
122.705 0.108713 0.00268332 0 0
122.755 0.810862 0.0200141 0 0
122.855 0.044316 0.00109384 0 0
123.105 0.0466351 0.00115108 0 0
123.205 0.0757574 0.0018699 0 0
123.505 0.166011 0.00409759 0 0
123.655 0.0292809 0.000722732 0 0
123.755 0.0621894 0.001535 0 0
124.005 0.0650208 0.00160489 0 0
124.205 0.0489569 0.00120839 0 0
124.305 0.129572 0.00319819 0 0
124.655 0.0436151 0.00107654 0 0
124.705 0.603678 0.0149003 0 0
124.805 0.0584781 0.0014434 0 0
125.055 0.0843088 0.00208097 0 0
125.155 0.0209021 0.00051592 0 0
125.555 0.129937 0.00320719 0 0
125.655 0.0338672 0.000835933 0 0
125.705 0.0295886 0.000730326 0 0
126.005 0.135422 0.00334257 0 0
126.055 0.0454314 0.00112137 0 0
126.405 0.150035 0.00370326 0 0
126.605 0.116982 0.00288743 0 0
126.855 0.324797 0.00801685 0 0
126.905 0.593873 0.0146583 0 0
127.105 0.0550584 0.00135899 0 0
127.205 0.0287011 0.000708421 0 0
127.405 0.153497 0.00378871 0 0
127.505 0.315973 0.00779904 0 0
127.755 0.106042 0.00261739 0 0
127.805 0.415128 0.0102464 0 0
128.205 0.0888948 0.00219416 0 0
128.255 0.09661 0.00238459 0 0
128.505 0.114231 0.00281953 0 0
128.755 0.109226 0.00269599 0 0
128.805 0.0680569 0.00167983 0 0
129.105 0.165921 0.00409538 0 0
129.205 0.0774629 0.00191199 0 0
129.405 0.43906 0.0108372 0 0
129.455 0.273777 0.00675753 0 0
129.605 0.947922 0.023397 0 0
129.855 2.13598 0.0527186 0 0
129.905 0.738107 0.0182183 0 0
130.205 3.24057 0.0799752 0 0
130.455 3.28859 0.08116 0 0
130.655 2.61716 0.0645928 0 0
130.755 1.35696 0.0334926 0 0
130.855 1.4361 0.0354458 0 0
130.955 1.78327 0.0440141 0 0
131.155 3.11804 0.0769521 0 0
131.455 4.26973 0.105364 0 0
131.555 1.70724 0.0421377 0 0
131.855 4.16904 0.10288 0 0
131.905 1.42307 0.0351243 0 0
132.005 1.43299 0.0353691 0 0
132.305 4.09442 0.10104 0 0
132.455 2.41166 0.0595219 0 0
132.605 2.37901 0.058716 0 0
132.855 3.70449 0.0914209 0 0
132.905 0.823084 0.0203158 0 0
132.955 1.00394 0.0247796 0 0
133.155 3.57081 0.088123 0 0
133.255 1.52406 0.0376167 0 0
133.555 6.12085 0.151007 0 0
133.855 4.62229 0.11406 0 0
134.055 3.08074 0.0760318 0 0
134.105 0.933971 0.0230527 0 0
134.155 0.866138 0.0213784 0 0
134.355 3.63592 0.0897291 0 0
134.405 1.08637 0.0268141 0 0
134.455 0.648863 0.0160156 0 0
134.855 5.87082 0.144844 0 0
134.955 1.65193 0.0407726 0 0
135.155 2.66403 0.0657494 0 0
135.455 4.05579 0.100087 0 0
135.605 2.49367 0.0615456 0 0
135.705 1.37501 0.0339382 0 0
135.905 2.3647 0.058363 0 0
135.955 1.05279 0.0259854 0 0
136.155 2.59367 0.0640132 0 0
136.405 3.7136 0.0916455 0 0
136.605 2.66141 0.0656849 0 0
136.755 3.45374 0.0852347 0 0
137.005 2.85976 0.0705792 0 0
137.155 1.73093 0.0427224 0 0
137.205 0.527683 0.0130246 0 0
137.355 1.08413 0.0267588 0 0
137.405 0.897277 0.022147 0 0
137.605 2.12386 0.0524196 0 0
137.705 1.13483 0.0280102 0 0
137.855 2.53267 0.0625081 0 0
137.905 0.72462 0.0178854 0 0
138.205 3.96345 0.097809 0 0
138.405 2.74054 0.0676373 0 0
138.455 0.820885 0.0202615 0 0
138.555 1.78439 0.0440417 0 0
138.905 4.91735 0.121336 0 0
139.005 1.23528 0.0304893 0 0
139.055 1.14918 0.0283644 0 0
139.405 5.04609 0.124511 0 0
139.555 1.75081 0.0432129 0 0
139.855 4.16603 0.102806 0 0
140.105 3.38539 0.0835484 0 0
140.355 3.33323 0.0822614 0 0
140.505 2.02486 0.0499765 0 0
140.655 1.85888 0.0458802 0 0
140.855 2.57298 0.0635028 0 0
141.005 2.06743 0.0510269 0 0
141.255 3.28342 0.0810324 0 0
141.455 2.70511 0.0667632 0 0
141.605 2.03083 0.0501236 0 0
141.805 2.60422 0.0642736 0 0
141.955 2.02637 0.0500137 0 0
142.105 1.89135 0.0466815 0 0
142.255 1.51856 0.037481 0 0
142.455 1.3905 0.0343204 0 0
142.505 0.627383 0.0154854 0 0
142.755 0.886758 0.0218873 0 0
142.905 0.516696 0.0127534 0 0
143.255 2.05412 0.0506984 0 0
143.305 0.565895 0.0139678 0 0
143.555 2.3772 0.0586714 0 0
143.605 0.621148 0.0153315 0 0
143.955 4.1694 0.102889 0 0
144.055 1.19676 0.0295386 0 0
144.155 1.03237 0.0254812 0 0
144.305 2.05137 0.0506307 0 0
144.355 0.62024 0.0153091 0 0
144.705 4.25145 0.104913 0 0
144.805 0.698712 0.017246 0 0
145.105 1.46403 0.0361352 0 0
145.305 0.57147 0.0141053 0 0
145.405 0.0790692 0.00195164 0 0
145.555 0.172327 0.00425349 0 0
145.605 0.0662941 0.00163632 0 0
145.755 0.158171 0.00390407 0 0
146.005 0.287976 0.007108 0 0
146.255 0.0809729 0.00199863 0 0
146.455 0.125763 0.00310418 0 0
146.705 0.273842 0.00675914 0 0
146.905 0.0415609 0.00102583 0 0
146.955 0.177819 0.00438904 0 0
147.105 0.118503 0.00292497 0 0
147.255 0.115056 0.0028399 0 0
147.305 0.329078 0.00812252 0 0
147.605 1.50332 0.037105 0 0
147.805 1.99808 0.0493155 0 0
148.055 2.78696 0.0687829 0 0
148.155 1.5462 0.0381631 0 0
148.405 2.79581 0.0690013 0 0
148.655 2.63595 0.0650565 0 0
148.855 0.780144 0.0192559 0 0
149.005 0.548765 0.013545 0 0
149.155 0.191443 0.00472533 0 0
149.355 0.565835 0.0139663 0 0
149.605 0.276572 0.00682654 0 0
149.805 0.132343 0.00326657 0 0
149.955 0.0652454 0.00161043 0 0
150.205 0.383778 0.00947266 0 0
150.405 0.168512 0.00415932 0 0
150.455 0.24143 0.00595914 0 0
150.655 2.55623 0.0630894 0 0
150.805 0.106225 0.00262192 0 0
151.055 0.189997 0.00468963 0 0
151.205 2.18705 0.053979 0 0
151.355 0.933567 0.0230427 0 0
151.505 1.0571 0.0260916 0 0
151.705 1.56812 0.0387041 0 0
151.955 2.10924 0.0520589 0 0
152.155 2.55438 0.0630438 0 0
152.205 0.733754 0.0181109 0 0
152.405 2.28735 0.0564542 0 0
152.705 1.00087 0.0247039 0 0
152.855 2.33614 0.0576583 0 0
153.055 0.310031 0.00765239 0 0
153.205 0.099237 0.00244943 0 0
153.405 0.135378 0.00334149 0 0
153.455 0.183419 0.00452727 0 0
153.755 1.78478 0.0440513 0 0
154.005 1.15663 0.0285483 0 0
154.255 0.692075 0.0170822 0 0
154.455 0.601367 0.0148433 0 0
154.655 0.233911 0.00577354 0 0
154.905 0.205235 0.00506576 0 0
155.105 0.203019 0.00501106 0 0
155.255 0.128067 0.00316104 0 0
155.555 0.10198 0.00251714 0 0
155.605 0.368995 0.00910777 0 0
155.855 0.286797 0.00707892 0 0
156.155 1.9305 0.0476476 0 0
156.305 1.3518 0.0333653 0 0
156.505 2.15689 0.0532348 0 0
156.555 0.822596 0.0203037 0 0
156.805 3.09798 0.0764571 0 0
157.105 3.86285 0.0953274 0 0
157.255 2.03436 0.0502109 0 0
157.505 3.95758 0.0976643 0 0
157.705 2.91916 0.0720448 0 0
157.905 3.00887 0.0742584 0 0
158.005 1.67747 0.041403 0 0
158.205 2.93553 0.0724487 0 0
158.255 1.14444 0.0282475 0 0
158.505 3.313 0.0817624 0 0
158.705 2.86651 0.0707458 0 0
159.005 4.47303 0.110378 0 0
159.205 2.85084 0.0703592 0 0
159.305 1.55442 0.0383661 0 0
159.455 2.38457 0.0588534 0 0
159.605 2.28629 0.056428 0 0
159.705 1.89768 0.0468376 0 0
159.905 2.84287 0.0701626 0 0
160.205 4.16057 0.102672 0 0
160.505 4.14146 0.1022 0 0
160.605 1.71541 0.0423393 0 0
160.755 2.20356 0.0543865 0 0
160.905 2.26804 0.0559778 0 0
161.155 4.25612 0.105028 0 0
161.455 4.53557 0.111921 0 0
161.705 3.71206 0.0916075 0 0
161.855 1.61367 0.0398283 0 0
162.005 1.45848 0.0359983 0 0
162.055 0.3169 0.00782192 0 0
162.305 1.31164 0.0323741 0 0
162.505 0.649557 0.0160327 0 0
162.755 1.10161 0.0271902 0 0
162.805 0.0605961 0.00149567 0 0
162.955 1.51798 0.0374668 0 0
163.105 1.47597 0.0364298 0 0
163.205 1.41982 0.0350441 0 0
163.505 3.51563 0.0867615 0 0
163.755 3.04629 0.0751817 0 0
163.805 0.539821 0.0133242 0 0
164.105 2.27497 0.0561486 0 0
164.155 0.188028 0.00464104 0 0
164.405 1.06675 0.0263298 0 0
164.605 1.47483 0.0364017 0 0
164.705 0.999389 0.0246673 0 0
164.855 1.37433 0.0339213 0 0
165.055 1.95168 0.0481704 0 0
165.255 2.34165 0.0577942 0 0
165.555 3.2692 0.0806816 0 0
165.605 0.5731 0.0141456 0 0
165.905 4.46756 0.110243 0 0
166.055 2.02106 0.0498825 0 0
166.255 1.88854 0.0466122 0 0
166.305 0.234498 0.00578804 0 0
166.555 0.235799 0.00582014 0 0
166.755 0.80213 0.0197986 0 0
166.955 1.51233 0.0373274 0 0
167.105 1.67167 0.0412599 0 0
167.455 3.92703 0.0969107 0 0
167.655 1.81619 0.0448267 0 0
167.955 1.71861 0.0424182 0 0
168.105 0.800148 0.0197496 0 0
168.155 0.387887 0.00957408 0 0
168.405 1.07801 0.0266077 0 0
168.555 1.32645 0.0327395 0 0
168.755 2.23364 0.0551286 0 0
168.805 0.795962 0.0196463 0 0
169.105 3.77765 0.0932257 0 0
169.405 2.94415 0.0726616 0 0
169.555 1.29617 0.0319924 0 0
169.605 0.462512 0.011416 0 0
169.755 0.751621 0.0185519 0 0
170.005 0.131088 0.00323559 0 0
170.205 0.634583 0.0156631 0 0
170.355 1.01338 0.0250126 0 0
170.405 0.245971 0.00607122 0 0
170.455 0.319206 0.00787884 0 0
170.705 2.70672 0.0668029 0 0
170.855 1.71395 0.0423034 0 0
171.005 1.67307 0.0412943 0 0
171.305 1.83758 0.0453545 0 0
171.405 0.359826 0.00888146 0 0
171.555 0.112611 0.00277953 0 0
171.755 0.773407 0.0190896 0 0
171.955 1.79617 0.0443325 0 0
172.305 3.77412 0.0931386 0 0
172.505 2.0933 0.0516653 0 0
172.555 0.40399 0.00997153 0 0
172.705 1.07292 0.0264821 0 0
172.755 0.340437 0.00840289 0 0
172.805 0.596254 0.0147171 0 0
173.005 0.786267 0.019407 0 0
173.305 1.03545 0.0255573 0 0
173.605 0.261081 0.00644418 0 0
173.905 0.493157 0.0121724 0 0
174.255 0.50072 0.0123591 0 0
174.505 1.04356 0.0257574 0 0
174.655 1.15683 0.0285533 0 0
174.855 2.01557 0.0497471 0 0
174.955 1.01613 0.0250804 0 0
175.155 2.35707 0.0581748 0 0
175.255 0.992744 0.0245033 0 0
175.505 0.494053 0.0121945 0 0
175.605 0.367402 0.00906846 0 0
175.855 1.24342 0.0306904 0 0
176.105 0.886765 0.0218875 0 0
176.155 0.294863 0.007278 0 0
176.205 0.0311873 0.000769786 0 0
176.355 0.0830414 0.00204969 0 0
176.455 0.337378 0.00832738 0 0
176.505 0.074395 0.00183627 0 0
176.855 3.0724 0.0758261 0 0
176.905 0.244717 0.00604026 0 0
177.255 0.0231596 0.000571642 0 0
177.405 1.04522 0.0257985 0 0
177.605 1.72905 0.042676 0 0
177.755 1.55159 0.0382962 0 0
177.855 1.16762 0.0288194 0 0
178.105 2.22306 0.0548676 0 0
178.255 0.470719 0.0116186 0 0
178.505 0.761229 0.018789 0 0
178.555 0.343361 0.00847506 0 0
178.805 0.881847 0.0217661 0 0
179.105 2.60091 0.064192 0 0
179.205 1.35447 0.0334312 0 0
179.355 1.69903 0.041935 0 0
179.405 0.853375 0.0210634 0 0
179.555 1.5866 0.0391603 0 0
179.655 1.01225 0.0249847 0 0
179.955 1.84777 0.045606 0 0
180.005 0.53998 0.0133281 0 0
180.205 0.631932 0.0155977 0 0
180.455 0.534382 0.0131899 0 0
180.505 0.289708 0.00715076 0 0
180.805 0.521075 0.0128615 0 0
180.955 0.896514 0.0221281 0 0
181.255 2.66868 0.0658642 0 0
181.305 0.320383 0.0079079 0 0
181.505 2.51034 0.0619571 0 0
181.655 1.43688 0.035465 0 0
181.905 0.306953 0.00757642 0 0
181.955 0.27377 0.00675738 0 0
182.005 0.332398 0.00820446 0 0
182.205 1.22908 0.0303363 0 0
182.255 0.245882 0.00606903 0 0
182.455 0.60097 0.0148335 0 0
182.755 0.170692 0.00421314 0 0
183.005 1.27102 0.0313715 0 0
183.055 0.0564584 0.00139354 0 0
183.105 0.301244 0.00743549 0 0
183.355 0.354444 0.00874863 0 0
183.405 0.16607 0.00409906 0 0
183.505 0.701251 0.0173087 0 0
183.855 2.5217 0.0622372 0 0
184.105 2.75775 0.0680621 0 0
184.155 0.417943 0.0103159 0 0
184.405 1.83719 0.0453447 0 0
184.605 0.846336 0.0208896 0 0
184.705 0.345098 0.00851792 0 0
185.005 0.65478 0.0161616 0 0
185.055 0.151781 0.00374635 0 0
185.205 0.0765556 0.0018896 0 0
185.455 0.261509 0.00645474 0 0
185.705 0.149347 0.0036863 0 0
186.005 0.521417 0.0128699 0 0
186.155 0.251577 0.00620958 0 0
186.305 0.19338 0.00477314 0 0
186.355 0.297031 0.00733151 0 0
186.555 0.146986 0.003628 0 0
186.705 0.584728 0.0144326 0 0
187.105 1.94964 0.0481201 0 0
187.255 0.451179 0.0111363 0 0
187.555 0.604568 0.0149223 0 0
187.705 0.429982 0.0106131 0 0
187.905 1.16174 0.0286744 0 0
188.055 0.809266 0.0199747 0 0
188.305 0.808373 0.0199527 0 0
188.605 0.490025 0.0120951 0 0
188.855 0.273297 0.00674569 0 0
189.205 0.126058 0.00311144 0 0
189.255 0.0667681 0.00164802 0 0
189.555 0.128395 0.00316912 0 0
189.755 0.0961502 0.00237324 0 0
190.055 0.226758 0.00559699 0 0
190.105 0.0167424 0.000413247 0 0
190.455 0.179493 0.00443037 0 0
190.705 0.149587 0.0036922 0 0
191.005 0.152496 0.00376402 0 0
191.205 0.119844 0.00295808 0 0
191.355 0.0992641 0.0024501 0 0
191.555 0.330781 0.00816456 0 0
191.655 0.543966 0.0134265 0 0
191.805 0.778943 0.0192263 0 0
192.055 0.836807 0.0206545 0 0
192.255 0.310413 0.00766181 0 0
192.455 0.27734 0.00684549 0 0
192.705 0.967022 0.0238684 0 0
192.905 0.722221 0.0178262 0 0
193.205 0.641988 0.0158459 0 0
193.455 0.344326 0.00849887 0 0
193.605 0.102179 0.00252204 0 0
193.705 0.0624865 0.00154233 0 0
193.905 0.0932704 0.00230216 0 0
194.105 0.0812204 0.00200474 0 0
194.305 0.166193 0.00410209 0 0
194.605 0.070111 0.00173053 0 0
194.755 0.121289 0.00299374 0 0
194.905 0.187108 0.00461832 0 0
194.955 0.624081 0.0154039 0 0
195.255 0.17901 0.00441845 0 0
195.455 0.173289 0.00427724 0 0
195.705 1.36331 0.0336493 0 0
195.905 1.60317 0.0395693 0 0
195.955 0.498763 0.0123108 0 0
196.205 2.82757 0.0697849 0 0
196.255 0.598713 0.0147778 0 0
196.555 3.73868 0.0922642 0 0
196.655 1.31535 0.0324656 0 0
197.055 5.24943 0.129525 0 0
197.255 2.66756 0.0658366 0 0
197.305 0.745366 0.0183975 0 0
197.455 2.02233 0.0499138 0 0
197.705 3.45569 0.0852828 0 0
197.955 3.4784 0.085843 0 0
198.055 1.67196 0.041267 0 0
198.255 2.81079 0.0693708 0 0
198.505 3.72131 0.0918358 0 0
198.755 3.55763 0.0877978 0 0
198.955 3.1517 0.0777825 0 0
199.155 2.82491 0.0697193 0 0
199.305 2.11074 0.0520958 0 0
199.505 3.02515 0.0746601 0 0
199.655 2.52741 0.0623781 0 0
199.855 2.84003 0.0700924 0 0
200.105 2.21932 0.0547753 0 0
200.305 1.26138 0.0311335 0 0
200.455 1.06972 0.0264033 0 0
200.605 0.782963 0.0193255 0 0
200.755 0.738586 0.0182301 0 0
200.905 0.633823 0.0156444 0 0
201.155 1.74485 0.0430658 0 0
201.355 1.97026 0.0486288 0 0
201.505 1.736 0.0428476 0 0
201.705 2.31586 0.0571578 0 0
201.855 1.93154 0.0476734 0 0
202.055 2.63695 0.0650812 0 0
202.255 2.71442 0.0669929 0 0
202.405 2.12129 0.0523561 0 0
202.655 5.20559 0.128444 0 0
202.805 2.14922 0.0530455 0 0
203.005 2.76197 0.0681663 0 0
203.155 1.54488 0.0381307 0 0
203.205 0.557193 0.013753 0 0
203.405 1.32556 0.0327176 0 0
203.455 0.413184 0.0101985 0 0
203.805 1.19765 0.0295608 0 0
204.005 0.392055 0.00967695 0 0
204.205 0.23782 0.00587003 0 0
204.405 0.134489 0.00331955 0 0
204.605 0.232945 0.00574971 0 0
204.755 0.127435 0.00314545 0 0
204.905 0.0530218 0.00130872 0 0
204.955 0.268124 0.00661802 0 0
205.155 0.193732 0.00478181 0 0
205.305 0.0696784 0.00171985 0 0
205.605 0.129476 0.00319581 0 0
205.855 0.0219587 0.000542 0 0
206.055 0.331817 0.00819013 0 0
206.205 0.496728 0.0122606 0 0
206.405 0.154393 0.00381083 0 0
206.605 0.138982 0.00343044 0 0
206.805 0.628087 0.0155028 0 0
206.855 1.03104 0.0254485 0 0
207.055 2.55846 0.0631445 0 0
207.355 2.89839 0.0715323 0 0
207.505 1.79776 0.0443717 0 0
207.705 2.35955 0.0582358 0 0
207.905 1.60177 0.0395346 0 0
208.105 1.26339 0.0311832 0 0
208.305 0.867555 0.0214134 0 0
208.455 0.686116 0.0169351 0 0
208.605 0.465706 0.0114949 0 0
208.805 0.2856 0.00704936 0 0
208.955 2.8415 0.0701287 0 0
209.155 0.25049 0.00618276 0 0
209.305 0.2 0.00493654 0 0
209.555 0.163324 0.00403129 0 0
209.755 0.143711 0.00354716 0 0
209.905 0.126992 0.00313451 0 0
210.105 0.705327 0.0174093 0 0
210.205 0.600515 0.0148223 0 0
210.455 2.05347 0.0506824 0 0
210.655 2.13134 0.0526041 0 0
210.805 1.74055 0.0429599 0 0
210.955 1.85541 0.0457945 0 0
211.105 1.87172 0.046197 0 0
211.205 1.53857 0.0379748 0 0
211.455 3.32969 0.0821742 0 0
211.805 5.37142 0.132533 0 0
211.955 2.07727 0.0512699 0 0
212.105 2.16216 0.0533648 0 0
212.155 0.928797 0.022925 0 0
212.455 6.0539 0.149357 0 0
212.755 5.48146 0.135246 0 0
212.905 2.32261 0.0573244 0 0
213.105 3.10491 0.0766282 0 0
213.255 2.24541 0.0554191 0 0
213.405 2.06364 0.0509335 0 0
213.555 2.26506 0.0559042 0 0
213.705 2.24239 0.0553447 0 0
213.955 3.31964 0.0819263 0 0
214.255 4.46051 0.11007 0 0
214.455 3.05656 0.0754352 0 0
214.655 2.65788 0.0655977 0 0
214.855 3.10448 0.0766175 0 0
215.055 2.94244 0.0726194 0 0
215.255 3.03321 0.0748589 0 0
215.455 3.30971 0.0816811 0 0
215.655 2.95223 0.0728608 0 0
215.905 4.60671 0.113675 0 0
216.055 2.68244 0.0662037 0 0
216.255 3.55269 0.087676 0 0
216.455 3.30679 0.0816091 0 0
216.655 2.82663 0.0697618 0 0
216.705 1.14978 0.0283792 0 0
216.955 3.16941 0.0782196 0 0
217.305 0.805654 0.0198855 0 0
217.505 0.113034 0.00278998 0 0
217.705 0.101674 0.00250958 0 0
217.905 0.0971195 0.00239717 0 0
218.105 0.289731 0.00715134 0 0
218.305 1.02946 0.0254094 0 0
218.505 0.273077 0.00674028 0 0
218.655 2.01437 0.0497174 0 0
218.855 0.929204 0.022935 0 0
219.055 0.181523 0.00448048 0 0
219.255 0.462389 0.011413 0 0
219.505 1.19368 0.0294626 0 0
219.655 0.908215 0.022417 0 0
219.805 1.68178 0.0415093 0 0
220.005 1.56966 0.0387422 0 0
220.205 0.688613 0.0169967 0 0
220.405 0.576131 0.0142204 0 0
220.605 0.31971 0.0078913 0 0
220.805 0.40487 0.00999326 0 0
220.955 2.78509 0.0687367 0 0
221.205 0.290623 0.00717336 0 0
221.355 0.243442 0.00600879 0 0
221.505 0.0677051 0.00167114 0 0
221.705 0.903514 0.0223009 0 0
221.805 0.817582 0.0201799 0 0
222.005 0.0692883 0.00171022 0 0
222.155 0.318543 0.00786248 0 0
222.355 0.260341 0.00642592 0 0
222.605 0.159005 0.00392468 0 0
222.755 0.453565 0.0111952 0 0
222.805 0.535866 0.0132266 0 0
222.955 0.537994 0.0132791 0 0
223.205 0.0703413 0.00173621 0 0
223.355 1.55572 0.0383981 0 0
223.655 0.0507293 0.00125213 0 0
223.905 0.0254731 0.000628745 0 0
224.105 0.0554968 0.00136981 0 0
224.305 0.0919581 0.00226977 0 0
224.505 0.115155 0.00284234 0 0
224.705 0.148035 0.00365389 0 0
224.855 0.199703 0.00492919 0 0
225.055 0.0528254 0.00130387 0 0
225.255 0.0310503 0.000766404 0 0
225.405 0.595296 0.0146934 0 0
225.455 0.11768 0.00290466 0 0
225.605 0.411419 0.0101549 0 0
225.905 0.0266034 0.000656643 0 0
226.155 0.0545948 0.00134755 0 0
226.355 0.0760406 0.00187689 0 0
226.555 0.0723462 0.0017857 0 0
226.755 0.0375488 0.000926805 0 0
226.855 0.126508 0.00312256 0 0
226.955 0.0679583 0.00167739 0 0
227.255 0.187113 0.00461844 0 0
227.405 0.0866537 0.00213885 0 0
227.655 0.12228 0.0030182 0 0
227.855 0.144387 0.00356386 0 0
228.055 0.123695 0.00305312 0 0
228.255 0.15085 0.00372339 0 0
228.405 0.283944 0.0070085 0 0
228.605 0.0383456 0.000946471 0 0
228.755 0.30536 0.00753709 0 0
229.005 0.119032 0.00293802 0 0
229.405 0.0813722 0.00200848 0 0
229.455 0.585665 0.0144557 0 0
229.605 0.0694714 0.00171474 0 0
229.805 0.0965629 0.00238343 0 0
229.905 0.0618687 0.00152708 0 0
230.105 0.0991584 0.00244749 0 0
230.355 0.0436352 0.00107703 0 0
230.405 0.17981 0.0044382 0 0
230.805 0.0428341 0.00105726 0 0
230.905 0.298639 0.0073712 0 0
231.005 0.0433687 0.00107045 0 0
231.255 0.0778961 0.00192269 0 0
231.355 0.527503 0.0130201 0 0
231.705 0.0640466 0.00158084 0 0
231.905 0.0827875 0.00204342 0 0
232.105 0.0266337 0.000657391 0 0
232.455 0.181795 0.00448718 0 0
232.605 0.254713 0.00628699 0 0
232.805 0.020641 0.000509475 0 0
233.005 0.0434976 0.00107364 0 0
233.255 0.0504663 0.00124564 0 0
233.405 0.0568904 0.00140421 0 0
233.655 0.0889519 0.00219557 0 0
233.705 0.17089 0.00421802 0 0
234.055 0.119301 0.00294466 0 0
234.105 0.39242 0.00968597 0 0
234.455 0.0993929 0.00245328 0 0
234.505 0.335346 0.00827723 0 0
234.605 0.0842659 0.00207991 0 0
234.855 0.166367 0.00410637 0 0
235.255 0.0363942 0.000898307 0 0
235.355 0.106366 0.0026254 0 0
235.705 0.0211907 0.000523043 0 0
235.755 0.25726 0.00634986 0 0
235.905 0.0387516 0.000956494 0 0
236.005 0.0439827 0.00108561 0 0
236.405 0.114828 0.00283426 0 0
236.705 0.0988862 0.00244078 0 0
236.855 0.0584565 0.00144286 0 0
237.005 0.0455091 0.00112329 0 0
237.105 0.105873 0.00261323 0 0
237.505 0.0360438 0.000889656 0 0
237.705 0.069177 0.00170747 0 0
237.905 0.0743658 0.00183555 0 0
238.055 0.0553701 0.00136668 0 0
238.255 0.0333192 0.000822407 0 0
238.505 0.058957 0.00145522 0 0
238.755 0.0697604 0.00172187 0 0
238.805 0.513275 0.012669 0 0
238.955 0.0757797 0.00187045 0 0
239.105 0.121793 0.00300617 0 0
239.205 0.0445528 0.00109968 0 0
239.605 0.130611 0.00322384 0 0
239.805 0.12894 0.00318258 0 0
240.005 0.0279104 0.000688904 0 0
240.205 0.0421834 0.0010412 0 0
240.255 0.0436518 0.00107744 0 0
240.455 0.0974561 0.00240548 0 0
240.655 0.0857217 0.00211584 0 0
240.855 0.0313693 0.000774279 0 0
241.155 0.086319 0.00213058 0 0
241.455 0.0508443 0.00125497 0 0
241.605 0.0304272 0.000751024 0 0
241.755 0.114588 0.00282834 0 0
241.955 0.0792659 0.0019565 0 0
242.255 0.0124163 0.000306468 0 0
242.305 0.0522372 0.00128935 0 0
242.505 0.0768058 0.00189577 0 0
242.655 0.0761841 0.00188043 0 0
243.005 1.84216 0.0454675 0 0
243.155 1.31625 0.0324878 0 0
243.205 0.64103 0.0158222 0 0
243.455 2.78188 0.0686576 0 0
243.655 2.44175 0.0602644 0 0
243.755 1.23726 0.0305384 0 0
244.105 4.65795 0.114939 0 0
244.405 4.20313 0.103721 0 0
244.605 2.74993 0.0678691 0 0
244.705 1.69128 0.0417439 0 0
244.855 2.12705 0.0524982 0 0
245.005 2.19407 0.0541522 0 0
245.205 2.75426 0.0679759 0 0
245.255 0.352023 0.00868886 0 0
245.455 2.92765 0.0722545 0 0
245.505 0.871536 0.0215116 0 0
245.955 6.52955 0.16108 0 0
246.305 4.75001 0.117209 0 0
246.355 0.883284 0.0218016 0 0
246.555 2.9342 0.072416 0 0
246.705 2.12535 0.0524564 0 0
246.955 3.43859 0.0848609 0 0
247.005 1.02458 0.025289 0 0
247.355 5.52263 0.136261 0 0
247.555 3.15002 0.0777412 0 0
247.755 2.88567 0.0712186 0 0
247.905 2.29768 0.0567092 0 0
248.205 4.38344 0.108169 0 0
248.355 1.8504 0.0456707 0 0
248.555 2.18279 0.0538739 0 0
248.605 0.759494 0.0187462 0 0
248.855 1.9354 0.0477685 0 0
249.005 1.18979 0.0293668 0 0
249.305 3.16209 0.0780391 0 0
249.505 2.42002 0.0597283 0 0
249.755 3.2669 0.080625 0 0
249.955 2.19042 0.0540621 0 0
250.155 1.47735 0.036464 0 0
250.305 0.658846 0.016262 0 0
250.555 1.11616 0.0275494 0 0
250.755 0.42893 0.0105871 0 0
250.955 0.943524 0.0232884 0 0
251.355 0.21707 0.00535787 0 0
251.555 0.329474 0.0081323 0 0
251.805 0.371893 0.00917931 0 0
252.155 0.433085 0.0106897 0 0
252.305 0.312462 0.00771239 0 0
252.705 0.0792362 0.00195576 0 0
252.955 0.130891 0.00323075 0 0
253.155 0.0668498 0.00165003 0 0
253.355 0.566925 0.0139932 0 0
253.605 1.14994 0.0283832 0 0
253.655 1.46689 0.0362058 0 0
253.955 1.61356 0.0398256 0 0
254.355 0.43579 0.0107564 0 0
254.605 1.82174 0.0449635 0 0
254.955 3.62044 0.0893474 0 0
255.005 0.618265 0.0152604 0 0
255.305 3.6706 0.0905848 0 0
255.605 4.20972 0.103884 0 0
255.655 0.790483 0.0195111 0 0
255.805 2.0594 0.0508289 0 0
255.955 2.35823 0.0582034 0 0
256.105 2.13035 0.0525797 0 0
256.355 3.27997 0.0809475 0 0
256.605 3.39037 0.0836711 0 0
256.655 0.39226 0.00968201 0 0
257.005 5.41517 0.133611 0 0
257.205 2.86426 0.0706903 0 0
257.455 3.5722 0.0881573 0 0
257.505 1.23584 0.0305032 0 0
257.655 2.03729 0.0502833 0 0
257.905 2.34588 0.0578985 0 0
258.205 4.1319 0.101964 0 0
258.405 3.28157 0.0809869 0 0
258.655 3.06761 0.0757077 0 0
258.855 1.51801 0.0374675 0 0
259.105 1.63811 0.0404315 0 0
259.305 2.1584 0.0532718 0 0
259.505 2.14861 0.0530302 0 0
259.705 2.34539 0.0578866 0 0
259.955 3.06098 0.0755441 0 0
260.155 1.97299 0.0486963 0 0
260.355 1.49892 0.0369963 0 0
260.555 0.907923 0.0224097 0 0
260.605 0.571279 0.0141006 0 0
260.655 0.287847 0.00710483 0 0
260.705 2.11729 0.0522574 0 0
260.755 0.608218 0.0150124 0 0
260.805 0.136313 0.00336456 0 0
260.855 0.239602 0.005914 0 0
260.905 0.392013 0.00967592 0 0
260.955 0.355688 0.00877932 0 0
