timestamp rot_error_deg rot_chordal_error trans_abs_error trans_norm_error
24.0049 120.015 2.44967 30.7209 0
24.0549 0.0792107 0.00195513 0.0243543 0
24.1049 0.292451 0.00721847 0.0926352 0
24.1549 0.135391 0.00334181 0.0196255 0
24.4049 0.0882868 0.00217915 0.153658 0
24.6049 0.183047 0.00451809 0.110453 0
24.8049 0.0783393 0.00193362 0.0598059 0
25.0049 0.0935226 0.00230839 0.112794 0
25.1549 0.0105534 0.000260487 0.0569928 0
25.3549 0.115436 0.00284928 0.103381 0
25.5549 0.0972144 0.00239951 0.119327 0
25.7549 0.114772 0.00283287 0.119961 0
25.9549 0.342841 0.00846223 0.114675 0
26.1549 0.0709513 0.00175127 0.0945787 0
26.3549 0.16039 0.00395884 0.126468 0
26.5549 0.158185 0.00390442 0.0781437 0
26.7549 0.318874 0.00787065 0.132821 0
26.9549 0.155171 0.00383005 0.0940382 0
27.1549 0.0464704 0.00114701 0.144646 0
27.3549 0.0606745 0.00149761 0.111652 0
27.5049 0.109919 0.00271309 0.110038 0
27.7049 0.232096 0.00572875 0.136596 0
27.9049 0.0614389 0.00151648 0.125172 0
28.1549 0.163292 0.00403047 0.181438 0
28.4049 0.157538 0.00388846 0.16269 0
28.6549 0.106081 0.00261836 0.176259 0
28.9049 0.106516 0.00262909 0.168938 0
29.1549 0.286987 0.00708359 0.182751 0
29.3549 0.153212 0.00378168 0.143135 0
29.5049 0.0910552 0.00224749 0.0739001 0
29.6549 0.109737 0.00270859 0.0954114 0
29.7049 0.125248 0.00309145 0.0361883 0
29.8549 0.125558 0.0030991 0.0637124 0
30.0549 0.195571 0.00482721 0.163747 0
30.3549 0.0591194 0.00145923 0.214776 0
30.5549 0.312403 0.00771093 0.0826569 0
30.7549 0.0613945 0.00151538 0.0963795 0
30.9549 0.0571534 0.0014107 0.140876 0
31.1049 0.0604718 0.00149261 0.0755392 0
31.3049 0.26089 0.00643946 0.0957212 0
31.6049 1.79605 0.0443296 0.240845 0
31.8049 1.96339 0.0484593 0.101755 0
32.0049 2.25599 0.0556803 0.140773 0
32.2049 2.33851 0.0577168 0.138227 0
32.3549 2.13038 0.0525804 0.123258 0
32.6049 3.31375 0.0817809 0.173916 0
32.9049 4.15694 0.102582 0.2091 0
33.1049 2.8505 0.0703507 0.12646 0
33.2549 2.08503 0.0514613 0.112374 0
33.4049 1.98627 0.049024 0.120779 0
33.5549 2.11733 0.0522584 0.0969249 0
33.9049 4.99121 0.123157 0.217136 0
34.0549 2.21133 0.0545782 0.115833 0
34.2549 2.86081 0.0706052 0.151193 0
34.4049 1.97927 0.0488513 0.0591989 0
34.6549 3.44353 0.0849828 0.176245 0
34.7049 0.528943 0.0130557 0.0231861 0
35.0049 4.24698 0.104803 0.199306 0
35.2549 3.64683 0.0899984 0.169206 0
35.5049 3.51361 0.0867118 0.167077 0
35.5549 0.780238 0.0192582 0.0406101 0
35.7049 2.03315 0.050181 0.098652 0
35.9049 2.72763 0.0673189 0.132953 0
36.2049 4.03018 0.0994551 0.160237 0
36.3549 2.23903 0.0552619 0.0897978 0
36.5549 2.78038 0.0686205 0.0958189 0
36.7549 2.85648 0.0704984 0.112947 0
36.9049 2.01724 0.0497883 0.0768546 0
37.0549 2.20574 0.0544402 0.087206 0
37.1549 1.27821 0.0315491 0.057657 0
37.2549 1.34112 0.0331016 0.0523562 0
37.5049 2.89278 0.071394 0.13604 0
37.7049 1.46643 0.0361944 0.118471 0
37.9049 1.40793 0.0347507 0.148488 0
38.1549 0.654108 0.0161451 0.140749 0
38.4049 0.537417 0.0132648 0.148786 0
38.5549 0.517949 0.0127843 0.0904185 0
38.7049 0.848459 0.020942 0.106508 0
38.7549 0.598442 0.0147711 0.0672663 0
39.0549 3.18118 0.07851 0.190495 0
39.2049 1.72156 0.0424911 0.0795113 0
39.4549 2.95693 0.0729768 0.137875 0
39.6549 2.46638 0.0608722 0.133631 0
39.8549 2.71954 0.0671192 0.127174 0
40.0049 2.17494 0.0536802 0.098051 0
40.2049 1.87951 0.0463894 0.131369 0
40.3549 1.11558 0.027535 0.114211 0
40.4049 0.226181 0.00558275 0.0304502 0
40.6049 0.266564 0.0065795 0.128389 0
40.7549 0.80133 0.0197788 0.118583 0
41.0549 1.19738 0.0295541 0.199835 0
41.3049 0.290283 0.00716497 0.165367 0
41.4549 0.0915513 0.00225973 0.0989447 0
41.5049 0.145524 0.00359192 0.0474001 0
41.5549 0.405681 0.0100133 0.0554409 0
41.9049 2.39563 0.0591264 0.228972 0
42.0049 0.966663 0.0238596 0.0606225 0
42.2049 2.33565 0.057646 0.124655 0
42.4049 2.41267 0.0595467 0.100676 0
42.6049 2.91463 0.0719331 0.105233 0
42.6549 0.687578 0.0169712 0.0342188 0
42.9049 3.30849 0.0816512 0.112708 0
43.0549 2.00174 0.0494059 0.0555907 0
43.3549 3.31877 0.0819046 0.114341 0
43.5049 0.508645 0.0125547 0.0436805 0
43.5549 0.122622 0.00302663 0.0287044 0
43.7549 0.573968 0.014167 0.0993009 0
43.8049 0.602844 0.0148797 0.0645723 0
44.0049 1.99188 0.0491624 0.124976 0
44.2049 1.92462 0.0475027 0.078059 0
44.3049 1.38726 0.0342405 0.0699357 0
44.6049 3.57647 0.0882626 0.166606 0
44.8049 2.77327 0.0684452 0.0824439 0
44.9049 1.33711 0.0330028 0.0376628 0
45.1549 3.51355 0.0867102 0.107325 0
45.5049 4.88121 0.120445 0.138053 0
45.7049 2.98321 0.0736253 0.110286 0
45.8049 1.4322 0.0353495 0.0453972 0
45.9549 2.18794 0.054001 0.106106 0
46.1049 2.35633 0.0581564 0.0962531 0
46.2549 1.99128 0.0491477 0.077082 0
46.4049 2.35785 0.058194 0.10113 0
46.5049 1.27387 0.0314419 0.0914428 0
46.6549 2.30282 0.056836 0.118447 0
46.8549 2.82465 0.0697129 0.128149 0
47.1049 3.48491 0.0860037 0.158516 0
47.3049 2.78027 0.0686177 0.127681 0
47.5049 2.54525 0.0628184 0.120059 0
47.7549 3.53212 0.0871685 0.145561 0
47.9549 2.84665 0.0702557 0.102266 0
48.0549 1.40586 0.0346996 0.0419544 0
48.2549 2.96164 0.073093 0.0927157 0
48.3049 0.538041 0.0132802 0.0188083 0
48.5549 3.55995 0.087855 0.0995034 0
48.7049 2.10688 0.0520006 0.050764 0
49.0049 4.17197 0.102953 0.105222 0
49.0549 0.858207 0.0211826 0.0225762 0
49.3049 3.62426 0.0894414 0.105177 0
49.5549 3.59 0.0885963 0.108091 0
49.7549 2.80567 0.0692445 0.0923726 0
49.8549 1.45007 0.0357906 0.0498574 0
50.0549 2.79417 0.0689607 0.0976624 0
50.3049 3.76957 0.0930263 0.174026 0
50.5049 2.88877 0.071295 0.106756 0
50.7049 2.78236 0.0686693 0.100051 0
50.8549 1.86351 0.0459945 0.114033 0
50.9049 0.843481 0.0208192 0.0386051 0
51.1049 2.36953 0.0584823 0.114656 0
51.2049 0.7375 0.0182033 0.0395503 0
51.5049 1.59853 0.0394547 0.0990944 0
51.6549 0.696013 0.0171794 0.0601647 0
51.9049 0.261821 0.00646245 0.0342307 0
52.0549 0.834688 0.0206022 0.0716508 0
52.2049 1.10378 0.0272439 0.0476686 0
52.4049 1.56036 0.0385126 0.0512374 0
52.6049 2.25203 0.0555826 0.0878772 0
52.8049 2.05811 0.050797 0.0767807 0
53.0049 2.29142 0.0565547 0.0830919 0
53.2049 1.52946 0.03775 0.0884272 0
53.4049 0.0603229 0.00148893 0.105257 0
53.5549 0.740633 0.0182807 0.0835502 0
53.7049 0.994683 0.0245511 0.0828728 0
53.7549 0.424765 0.0104843 0.0305445 0
53.9049 1.18817 0.0293267 0.093719 0
54.0549 1.66131 0.041004 0.0751086 0
54.3049 2.87087 0.0708534 0.139549 0
54.5049 2.85223 0.0703934 0.103115 0
54.5549 0.641995 0.0158461 0.0311515 0
54.8549 3.94165 0.0972714 0.154785 0
55.1549 4.08072 0.100702 0.111824 0
55.3549 2.67887 0.0661158 0.0498992 0
55.5549 2.81211 0.0694034 0.0437889 0
55.6549 1.11056 0.0274112 0.0349122 0
55.8049 2.38884 0.0589587 0.0588373 0
55.9049 1.85403 0.0457603 0.0536895 0
56.1549 3.32758 0.0821219 0.0794427 0
56.5049 4.59925 0.113491 0.123784 0
56.6549 2.19048 0.0540636 0.0595427 0
56.8049 2.07633 0.0512465 0.0593461 0
56.8549 1.22526 0.0302422 0.0512856 0
57.0549 3.03394 0.0748771 0.111441 0
57.1049 0.706492 0.017438 0.0218109 0
57.5049 5.67824 0.140097 0.152875 0
57.5549 1.01223 0.0249842 0.0439697 0
57.8549 4.10297 0.101251 0.170483 0
58.0049 2.13129 0.0526028 0.0911992 0
58.2049 2.81656 0.0695132 0.0930034 0
58.2549 1.0986 0.0271161 0.0606594 0
58.4549 1.51944 0.0375028 0.106757 0
58.6549 1.02391 0.0252726 0.115168 0
58.7049 0.19929 0.00491901 0.0260364 0
58.9549 1.48622 0.0366829 0.130298 0
59.1549 0.834635 0.0206009 0.118811 0
59.2049 0.283489 0.00699725 0.0355494 0
59.4549 1.98293 0.0489416 0.147577 0
59.6549 2.14188 0.0528642 0.133259 0
59.9049 2.93967 0.072551 0.172088 0
60.1049 2.58121 0.0637059 0.139401 0
60.3049 2.21543 0.0546793 0.141577 0
60.5049 2.70369 0.0667282 0.14948 0
60.5549 0.980477 0.0242005 0.0449612 0
60.7549 2.88907 0.0713025 0.160036 0
60.8549 1.40658 0.0347173 0.0707851 0
61.1549 3.81386 0.094119 0.220151 0
61.4049 3.4965 0.0862896 0.205831 0
61.6049 2.84165 0.0701324 0.162968 0
61.7549 2.08466 0.0514522 0.123819 0
61.9049 2.24067 0.0553023 0.131808 0
61.9549 0.713526 0.0176116 0.0416063 0
62.1549 2.34647 0.0579131 0.141104 0
62.2049 1.00412 0.024784 0.0582619 0
62.4549 3.67423 0.0906744 0.213378 0
62.6549 2.90623 0.0717259 0.166716 0
62.7049 0.676834 0.016706 0.0392955 0
63.0049 4.02993 0.0994489 0.208774 0
63.1049 1.18432 0.0292316 0.0550072 0
63.3549 3.20893 0.0791947 0.14935 0
63.6549 4.33121 0.106881 0.16675 0
63.8049 2.15119 0.0530941 0.0849913 0
63.9549 2.00774 0.049554 0.081266 0
64.1549 2.82992 0.0698429 0.115718 0
64.3549 2.13199 0.0526201 0.123157 0
64.5049 1.34329 0.0331553 0.0947195 0
64.7049 1.21683 0.0300339 0.12686 0
64.9049 0.868367 0.0214334 0.143926 0
65.0549 0.900491 0.0222263 0.0974074 0
65.2549 1.67131 0.041251 0.140481 0
65.4549 2.01994 0.0498549 0.149883 0
65.6549 2.05335 0.0506794 0.11487 0
65.8049 1.81909 0.0448982 0.108366 0
66.0049 2.28203 0.0563229 0.153977 0
66.2049 1.56327 0.0385845 0.157482 0
66.4049 0.776948 0.019177 0.133717 0
66.5549 0.980932 0.0242117 0.115715 0
66.7549 1.94819 0.0480843 0.154972 0
66.9049 1.6019 0.039538 0.121262 0
67.1049 2.25868 0.0557465 0.13949 0
67.3049 2.57279 0.0634981 0.152129 0
67.5049 2.56746 0.0633666 0.145157 0
67.6549 1.7177 0.0423958 0.0777772 0
67.7049 0.575241 0.0141984 0.0238844 0
67.8549 1.93519 0.0477634 0.130801 0
68.0049 1.86726 0.0460868 0.122082 0
68.2049 1.82221 0.0449751 0.145065 0
68.3049 0.692359 0.0170892 0.07714 0
68.5549 1.36772 0.0337583 0.181368 0
68.7049 1.48237 0.0365877 0.128826 0
68.9549 2.58463 0.0637901 0.195202 0
69.2049 2.74357 0.0677123 0.182319 0
69.4549 3.17712 0.0784097 0.205549 0
69.6549 1.42404 0.0351482 0.150748 0
69.8049 0.702404 0.0173371 0.106209 0
70.0049 0.71383 0.0176191 0.174029 0
70.2049 0.532628 0.0131466 0.1629 0
70.3549 0.434592 0.0107269 0.129053 0
70.5049 0.257075 0.0063453 0.108491 0
70.5549 0.13378 0.00330204 0.0340154 0
70.7049 0.696117 0.0171819 0.0896539 0
70.9549 1.73572 0.0428405 0.152783 0
71.2549 3.28412 0.0810497 0.209047 0
71.4049 1.75449 0.0433039 0.102185 0
71.6049 2.35052 0.0580131 0.108228 0
71.8049 2.61116 0.0644448 0.121968 0
71.9549 2.06687 0.0510131 0.104652 0
72.1549 2.44794 0.0604172 0.121722 0
72.3549 2.66432 0.0657566 0.109556 0
72.5049 1.92189 0.0474351 0.0919586 0
72.6549 2.16461 0.0534253 0.0937983 0
72.8549 2.70007 0.0666389 0.108982 0
73.0549 2.79112 0.0688856 0.106272 0
73.1049 0.68768 0.0169737 0.0256791 0
73.3049 2.65374 0.0654955 0.0986362 0
73.5049 2.64963 0.0653943 0.0926185 0
73.8049 4.03797 0.0996473 0.116345 0
73.9549 2.10703 0.0520041 0.0614315 0
74.1549 2.74867 0.0678381 0.075014 0
74.3549 2.75346 0.0679562 0.070738 0
74.4049 0.687387 0.0169665 0.0176719 0
74.6549 3.55107 0.087636 0.0956063 0
74.8549 2.8419 0.0701385 0.0930085 0
75.0549 2.77416 0.068467 0.0930511 0
75.2549 2.95508 0.0729312 0.154473 0
75.3049 0.722861 0.017842 0.0232168 0
75.5049 2.79818 0.0690597 0.0865403 0
75.6549 1.87121 0.0461844 0.0429191 0
75.9049 3.50815 0.0865771 0.108861 0
76.0049 1.32479 0.0326987 0.0403052 0
76.0549 0.731519 0.0180557 0.0313216 0
76.3049 3.56903 0.0880791 0.0968685 0
76.3549 0.737852 0.018212 0.0401419 0
76.6549 4.23026 0.10439 0.0736134 0
76.7549 1.46126 0.0360669 0.025956 0
77.0549 3.98095 0.0982408 0.0374924 0
77.3549 1.82992 0.0451653 0.0299504 0
77.5549 0.347036 0.00856575 0.0518614 0
77.7049 0.600495 0.0148218 0.0298915 0
77.8549 1.13557 0.0280285 0.0499283 0
77.9549 0.718344 0.0177306 0.0585973 0
78.2049 2.67954 0.0661322 0.0847435 0
78.3549 1.87212 0.046207 0.0638892 0
78.5549 2.4743 0.0610676 0.0758886 0
78.8049 3.23561 0.0798529 0.0991449 0
79.0549 3.08206 0.0760644 0.102859 0
79.1049 0.530749 0.0131003 0.0240846 0
79.2549 2.11139 0.0521118 0.0499746 0
79.4049 1.99685 0.0492851 0.0728091 0
79.6049 2.72143 0.0671658 0.0404196 0
79.9049 4.09915 0.101156 0.111106 0
79.9549 0.710033 0.0175254 0.0228885 0
80.1049 1.95888 0.048348 0.0740826 0
80.2549 2.15618 0.0532172 0.0722151 0
80.5549 4.16352 0.102744 0.136767 0
80.8049 3.42021 0.0844073 0.138579 0
80.9549 1.42693 0.0352195 0.0612755 0
81.1049 1.18378 0.0292184 0.0629459 0
81.2049 0.589858 0.0145592 0.0322666 0
81.3549 0.643985 0.0158952 0.0716431 0
81.6049 0.810147 0.0199964 0.109572 0
81.8049 0.444705 0.0109765 0.078422 0
82.0049 0.210314 0.00519112 0.0729959 0
82.0549 0.179604 0.00443312 0.014216 0
82.3049 1.34196 0.0331224 0.0896 0
82.3549 0.381244 0.00941011 0.0155175 0
82.6549 2.8631 0.0706615 0.105958 0
82.7049 0.676067 0.016687 0.0288934 0
82.9049 1.72111 0.0424801 0.0803197 0
83.2049 1.16607 0.0287813 0.132857 0
83.4549 1.04128 0.0257012 0.121725 0
83.6049 1.05886 0.0261352 0.0564383 0
83.8549 2.18143 0.0538402 0.166343 0
83.9049 0.499004 0.0123167 0.0645 0
84.0549 0.852522 0.0210423 0.0757153 0
84.2049 0.805401 0.0198793 0.07395 0
84.2549 0.151339 0.00373544 0.0279144 0
84.5549 0.729383 0.018003 0.188462 0
84.7549 0.63836 0.0157564 0.159171 0
84.8549 0.143813 0.00354968 0.0621014 0
85.0549 0.223956 0.00552783 0.125982 0
85.2549 0.36657 0.00904792 0.13989 0
85.4549 0.0879775 0.00217152 0.117079 0
85.5049 0.0864721 0.00213436 0.0364079 0
85.7049 0.077671 0.00191713 0.119888 0
86.0049 0.0444118 0.0010962 0.183689 0
86.2049 0.241689 0.00596552 0.120928 0
86.4049 0.17654 0.00435749 0.109902 0
86.6049 0.250407 0.0061807 0.0985889 0
86.7549 0.231562 0.00571556 0.0882334 0
86.9049 0.169305 0.00417889 0.0679801 0
87.0549 0.254206 0.00627447 0.0609987 0
87.2549 0.0524353 0.00129424 0.0733587 0
87.3049 0.239796 0.0059188 0.022026 0
87.5049 0.223881 0.00552598 0.0701679 0
87.7049 0.48008 0.0118496 0.0570062 0
87.9549 0.121356 0.00299538 0.078641 0
88.1549 0.591524 0.0146003 0.0606903 0
88.2549 0.574715 0.0141854 0.0386963 0
88.4549 1.53861 0.037976 0.0754495 0
88.5049 0.47358 0.0116892 0.0159695 0
88.5549 0.414535 0.0102318 0.0148889 0
88.7549 1.64751 0.0406635 0.0777517 0
89.0049 1.24239 0.0306648 0.106707 0
89.2549 0.323609 0.00798753 0.163098 0
89.4549 1.13229 0.0279476 0.133233 0
89.7049 1.6605 0.040984 0.128065 0
89.8549 0.228465 0.00563913 0.0928819 0
90.0049 0.708893 0.0174973 0.0834946 0
90.1549 0.845291 0.0208639 0.111153 0
90.3049 1.26477 0.0312173 0.096301 0
90.4549 1.30296 0.0321599 0.100668 0
90.5049 0.684359 0.0168917 0.100041 0
90.7549 2.55845 0.0631442 0.154122 0
90.9049 0.688887 0.0170035 0.0848312 0
91.1549 0.76447 0.018869 0.157549 0
91.3549 1.44593 0.0356885 0.146921 0
91.5549 1.94029 0.0478893 0.144422 0
91.6049 0.48123 0.011878 0.0341966 0
91.8049 2.15602 0.0532131 0.158265 0
92.0549 1.91816 0.0473432 0.208248 0
92.1049 0.238266 0.00588104 0.0471539 0
92.1549 0.275557 0.00680147 0.0407753 0
92.3549 0.909831 0.0224568 0.149689 0
92.5049 0.61388 0.0151521 0.113219 0
92.7049 0.387355 0.00956095 0.117348 0
92.8549 0.0682533 0.00168467 0.134183 0
93.1049 0.511854 0.0126339 0.202635 0
93.3549 1.11241 0.0274568 0.168341 0
93.5049 1.18414 0.0292273 0.109498 0
93.7049 1.8645 0.0460189 0.133126 0
93.8549 1.6969 0.0418826 0.129806 0
94.0549 2.32732 0.0574405 0.14189 0
94.1049 0.407339 0.0100542 0.0424279 0
94.4049 0.825154 0.0203668 0.239789 0
94.4549 0.379237 0.00936057 0.0458118 0
94.7049 1.31541 0.0324671 0.181687 0
94.7549 0.204112 0.00503803 0.0719671 0
94.9549 2.06921 0.0510708 0.139429 0
95.1049 1.31143 0.0323689 0.0893075 0
95.2549 0.961805 0.0237397 0.108266 0
95.4049 0.425405 0.0105001 0.0995965 0
95.5549 0.890931 0.0219904 0.110946 0
95.6549 0.326532 0.00805968 0.0720399 0
95.8549 0.54357 0.0134167 0.148805 0
95.9549 0.412778 0.0101884 0.0709481 0
96.1549 0.63256 0.0156132 0.148069 0
96.4049 2.21145 0.0545811 0.209201 0
96.5049 0.848843 0.0209515 0.0731334 0
96.7549 3.02871 0.074748 0.196249 0
96.9049 1.51806 0.0374687 0.105955 0
97.1549 3.14397 0.0775918 0.168639 0
97.3549 2.57706 0.0636034 0.138776 0
97.4049 0.803321 0.019828 0.042337 0
97.5549 2.07664 0.0512542 0.11304 0
97.6049 0.684451 0.016894 0.0356048 0
97.8049 2.68639 0.0663013 0.144332 0
97.9549 1.95657 0.0482911 0.0959617 0
98.2549 3.96888 0.0979429 0.228157 0
98.3049 0.700839 0.0172985 0.0314726 0
98.6049 4.2156 0.104029 0.171273 0
98.7549 2.03244 0.0501635 0.0777452 0
99.0549 4.2623 0.105181 0.137226 0
99.2549 2.98821 0.0737487 0.0860927 0
99.3049 0.717841 0.0177181 0.0178457 0
99.4549 2.22167 0.0548335 0.0428901 0
99.6049 2.22813 0.0549928 0.0578526 0
99.6549 0.817148 0.0201692 0.0266851 0
99.9549 4.25226 0.104933 0.0885079 0
100.105 2.13565 0.0527106 0.0549913 0
100.355 3.63678 0.0897504 0.115329 0
100.505 1.91701 0.0473147 0.053899 0
100.705 2.85335 0.0704211 0.110307 0
100.755 0.807985 0.0199431 0.0423517 0
100.905 2.09495 0.0517061 0.075541 0
100.955 0.64927 0.0160256 0.042184 0
101.155 2.77847 0.0685734 0.0833838 0
101.355 2.79776 0.0690494 0.0731659 0
101.555 2.79296 0.0689309 0.0758335 0
101.655 1.19219 0.029426 0.0568333 0
101.855 2.76829 0.0683221 0.0659864 0
102.105 3.52433 0.0869762 0.0748246 0
102.155 0.675621 0.016676 0.0261208 0
102.405 3.57882 0.0883204 0.0743259 0
102.505 1.79516 0.0443076 0.0960742 0
102.605 1.26781 0.0312923 0.0223295 0
102.855 2.34098 0.0577776 0.0702877 0
103.005 0.818909 0.0202127 0.0359442 0
103.155 0.462383 0.0114128 0.039504 0
103.405 0.694759 0.0171484 0.0462585 0
103.455 0.406732 0.0100392 0.0390058 0
103.655 0.636665 0.0157145 0.016019 0
103.955 1.08177 0.0267005 0.0361069 0
104.155 0.885979 0.0218681 0.0310174 0
104.405 0.721636 0.0178118 0.052065 0
104.605 0.254512 0.00628203 0.022859 0
104.755 0.709801 0.0175197 0.0390192 0
104.905 1.22385 0.0302073 0.0470569 0
105.105 1.82041 0.0449307 0.0725481 0
105.155 0.605293 0.0149402 0.0221722 0
105.355 2.20647 0.0544582 0.0943923 0
105.555 2.26107 0.0558057 0.12196 0
105.855 2.5548 0.0630541 0.160988 0
106.005 0.763361 0.0188416 0.0786931 0
106.255 0.898511 0.0221774 0.129326 0
106.405 0.408653 0.0100866 0.0812141 0
106.505 0.242437 0.005984 0.0396838 0
106.705 0.392801 0.00969537 0.159791 0
106.855 0.100681 0.00248508 0.0809733 0
106.905 0.0934075 0.00230555 0.0232583 0
107.155 0.306689 0.0075699 0.141616 0
107.405 0.18634 0.00459937 0.181347 0
107.605 0.954907 0.0235694 0.132943 0
107.855 2.11644 0.0522363 0.183775 0
107.905 0.505356 0.0124735 0.0374154 0
108.155 2.73453 0.067489 0.167378 0
108.355 2.34886 0.057972 0.150883 0
108.555 1.82229 0.0449771 0.119461 0
108.705 1.03122 0.0254531 0.105744 0
108.755 0.237348 0.00585838 0.0371491 0
108.955 0.895642 0.0221066 0.122928 0
109.255 0.85556 0.0211173 0.205867 0
109.455 0.406077 0.0100231 0.134525 0
109.705 0.312761 0.00771976 0.201251 0
109.855 0.401038 0.00989866 0.129147 0
110.005 0.788525 0.0194628 0.130917 0
110.155 1.26502 0.0312236 0.103277 0
110.405 2.41655 0.0596425 0.183278 0
110.655 2.81674 0.0695178 0.177337 0
110.905 2.8291 0.0698227 0.16296 0
111.105 1.51986 0.0375131 0.149589 0
111.255 0.774703 0.0191216 0.106752 0
111.405 0.627622 0.0154913 0.120657 0
111.505 0.685125 0.0169106 0.0846271 0
111.605 0.576685 0.0142341 0.0639367 0
111.805 1.26779 0.0312919 0.143777 0
112.055 2.57976 0.06367 0.172004 0
112.455 4.7365 0.116876 0.289393 0
112.655 2.29382 0.0566138 0.140547 0
112.705 1.2301 0.0303615 0.0497932 0
112.955 3.24476 0.0800788 0.170092 0
113.005 0.65024 0.0160496 0.0456347 0
113.255 3.69918 0.0912898 0.193341 0
113.405 1.89866 0.0468619 0.112791 0
113.455 0.699846 0.017274 0.0317172 0
113.705 3.42517 0.0845297 0.172865 0
113.955 3.55826 0.0878134 0.181546 0
114.105 2.32549 0.0573953 0.121435 0
114.405 3.28672 0.081114 0.203104 0
114.705 2.16228 0.0533677 0.20289 0
114.755 0.512896 0.0126596 0.0592921 0
114.905 1.37499 0.0339375 0.10548 0
115.055 1.66431 0.0410782 0.130929 0
115.255 2.48768 0.0613978 0.12659 0
115.355 1.01402 0.0250283 0.0568356 0
115.605 3.0762 0.0759197 0.173306 0
115.705 1.2168 0.0300333 0.115031 0
116.055 2.41459 0.059594 0.239465 0
116.255 0.847531 0.0209191 0.13819 0
116.505 0.520224 0.0128405 0.186442 0
116.705 0.467625 0.0115422 0.147815 0
116.755 0.535168 0.0132093 0.0528091 0
116.905 0.23725 0.00585597 0.0865669 0
117.105 0.426118 0.0105177 0.161719 0
117.355 0.0965345 0.00238273 0.177828 0
117.555 0.269552 0.00665325 0.167999 0
117.805 1.27812 0.0315469 0.182733 0
118.055 1.0427 0.0257363 0.185695 0
118.105 0.258465 0.0063796 0.0454751 0
118.255 0.450439 0.011118 0.111527 0
118.405 0.500305 0.0123488 0.105111 0
118.655 0.0376619 0.000929597 0.180263 0
118.905 1.43617 0.0354477 0.175837 0
118.955 0.347219 0.00857028 0.0286887 0
119.155 1.37547 0.0339496 0.142643 0
119.355 0.811888 0.0200394 0.139485 0
119.505 0.472717 0.0116679 0.126028 0
119.555 0.287567 0.00709792 0.0411193 0
119.755 0.652733 0.0161111 0.132766 0
120.055 0.298742 0.00737374 0.195952 0
120.155 0.508061 0.0125403 0.069848 0
120.255 0.216182 0.00533596 0.070569 0
120.505 0.734281 0.0181239 0.176851 0
120.655 0.183126 0.00452005 0.071629 0
120.805 0.110864 0.00273641 0.164827 0
121.155 0.713635 0.0176143 0.270815 0
121.455 0.341159 0.00842072 0.229417 0
121.555 0.127193 0.00313947 0.0797079 0
121.705 0.0898052 0.00221663 0.105346 0
121.905 0.0873881 0.00215697 0.146944 0
122.055 0.193517 0.00477653 0.100045 0
122.305 0.252542 0.0062334 0.181996 0
122.455 0.373016 0.00920702 0.086495 0
122.705 0.353365 0.00872198 0.172728 0
122.755 0.247278 0.00610348 0.0312491 0
122.955 0.166862 0.0041186 0.15393 0
123.005 0.0473859 0.00116961 0.0358315 0
123.305 0.0635797 0.00156932 0.185159 0
123.505 0.150229 0.00370804 0.149665 0
123.655 0.529623 0.0130725 0.121734 0
123.755 0.331763 0.0081888 0.0781824 0
124.005 0.565185 0.0139502 0.184476 0
124.205 0.211288 0.00521516 0.148941 0
124.305 0.291392 0.00719233 0.0903179 0
124.555 0.374733 0.0092494 0.187103 0
124.655 0.116501 0.00287557 0.0767403 0
124.805 0.532486 0.0131431 0.099056 0
124.905 0.103116 0.00254519 0.0823161 0
125.155 0.404932 0.0099948 0.17858 0
125.305 0.343624 0.00848156 0.102841 0
125.555 0.0550755 0.00135941 0.179803 0
125.655 0.0402388 0.000993202 0.0753258 0
125.855 0.16291 0.00402105 0.146033 0
126.055 0.0978323 0.00241476 0.144976 0
126.305 0.0481415 0.00118826 0.178358 0
126.455 0.244388 0.00603214 0.091394 0
126.605 0.481478 0.0118841 0.100088 0
126.855 0.191814 0.00473449 0.17673 0
126.905 0.124119 0.0030636 0.0401007 0
127.055 0.31947 0.00788538 0.103831 0
127.205 0.219741 0.0054238 0.104101 0
127.255 0.154023 0.00380169 0.0480092 0
127.405 0.148575 0.00366723 0.0811689 0
127.655 0.0875036 0.00215982 0.140287 0
127.755 0.0881684 0.00217623 0.0649067 0
127.805 0.254866 0.00629078 0.0283376 0
128.205 0.286331 0.00706742 0.241036 0
128.255 0.310372 0.00766081 0.0402578 0
128.355 0.51899 0.01281 0.0955109 0
128.605 0.38805 0.00957811 0.155062 0
128.805 0.0921668 0.00227492 0.116657 0
128.955 0.312652 0.00771708 0.0890383 0
129.005 0.208386 0.00514353 0.0265427 0
129.255 1.08576 0.026799 0.222108 0
129.355 0.245135 0.00605059 0.0914654 0
129.405 0.25526 0.00630049 0.0520877 0
129.455 0.325375 0.00803113 0.0435263 0
129.755 2.10159 0.0518699 0.199244 0
130.005 2.27839 0.0562332 0.161182 0
130.105 1.18302 0.0291997 0.0759881 0
130.205 1.09748 0.0270883 0.0673628 0
130.505 4.21838 0.104097 0.226693 0
130.605 0.994167 0.0245384 0.0803354 0
130.855 3.37171 0.0832108 0.187121 0
130.955 1.10383 0.0272451 0.0467391 0
131.155 2.67488 0.0660172 0.138291 0
131.455 4.21494 0.104013 0.218716 0
131.555 2.31108 0.0570398 0.115338 0
131.855 4.12445 0.10178 0.20997 0
131.905 0.791148 0.0195275 0.0337007 0
132.105 2.68123 0.0661738 0.130243 0
132.455 5.41782 0.133677 0.262498 0
132.605 2.1188 0.0522948 0.102505 0
132.705 1.3589 0.0335406 0.0564916 0
132.855 2.18877 0.0540214 0.107452 0
132.955 1.46588 0.0361809 0.0746822 0
133.055 1.47323 0.0363622 0.0715747 0
133.355 4.47519 0.110432 0.211544 0
133.455 1.48389 0.0366253 0.0757723 0
133.905 6.21691 0.153375 0.296668 0
133.955 0.638698 0.0157647 0.0278146 0
134.155 2.60223 0.0642245 0.118533 0
134.255 1.65962 0.0409624 0.0951107 0
134.305 0.79159 0.0195384 0.0483365 0
134.455 2.48101 0.0612333 0.191422 0
134.655 3.10391 0.0766035 0.185453 0
134.705 0.68058 0.0167984 0.0351784 0
135.105 5.72252 0.141189 0.316263 0
135.155 0.443827 0.0109548 0.0166157 0
135.455 3.70774 0.091501 0.210697 0
135.605 1.78526 0.0440632 0.0869226 0
135.805 2.38949 0.0589747 0.15977 0
135.855 0.752868 0.0185827 0.0391873 0
136.105 3.55851 0.0878194 0.156505 0
136.255 2.094 0.0516827 0.084113 0
136.605 4.82443 0.119045 0.161344 0
136.755 2.13888 0.0527903 0.0675685 0
136.955 2.54524 0.0628183 0.0832001 0
137.155 1.61518 0.0398656 0.0644347 0
137.205 0.340842 0.00841289 0.0142957 0
137.355 1.55407 0.0383573 0.0933552 0
137.405 0.439897 0.0108578 0.0129293 0
137.605 1.81538 0.0448065 0.0348322 0
137.855 3.01032 0.0742943 0.0813379 0
137.905 0.457581 0.0112943 0.0108533 0
138.055 2.09575 0.051726 0.045527 0
138.255 2.40804 0.0594326 0.0761879 0
138.355 1.25119 0.0308821 0.0372426 0
138.655 4.15425 0.102515 0.0925814 0
138.905 3.39808 0.0838615 0.100884 0
139.005 1.44308 0.0356182 0.0371113 0
139.205 2.84467 0.070207 0.0561903 0
139.405 2.95296 0.072879 0.058288 0
139.705 4.54401 0.112129 0.105803 0
139.755 0.676503 0.0166978 0.0242679 0
140.055 4.30424 0.106215 0.0891828 0
140.255 3.01758 0.0744734 0.0845183 0
140.505 3.54835 0.0875687 0.0447683 0
140.655 2.06068 0.0508603 0.0259288 0
140.855 2.83397 0.0699428 0.0411816 0
141.055 2.6838 0.0662374 0.0571938 0
141.255 2.94884 0.0727774 0.0156953 0
141.455 2.81775 0.0695426 0.0214237 0
141.655 2.79835 0.0690639 0.0187572 0
141.855 2.95473 0.0729225 0.0240192 0
141.905 0.79766 0.0196882 0.0291133 0
142.105 2.86748 0.0707698 0.0105804 0
142.255 1.66077 0.0409907 0.00972357 0
142.455 1.58715 0.0391738 0.0155722 0
142.555 0.613398 0.0151402 0.0257257 0
142.805 1.04149 0.0257064 0.0154874 0
142.855 0.117767 0.0029068 0.00388855 0
143.155 1.00538 0.0248152 0.0135869 0
143.205 0.364531 0.0089976 0.0053271 0
143.405 1.67904 0.0414416 0.00865926 0
143.505 0.878122 0.0216742 0.0107718 0
143.855 4.00302 0.0987851 0.0477779 0
144.005 1.9587 0.0483436 0.0372958 0
144.055 0.636945 0.0157214 0.0289185 0
144.255 2.64747 0.0653408 0.0483683 0
144.305 0.731616 0.0180581 0.0160601 0
144.455 2.11415 0.0521799 0.0360427 0
144.805 3.67744 0.0907536 0.0899941 0
144.955 1.03904 0.025646 0.0366343 0
145.205 1.09737 0.0270857 0.0607283 0
145.305 0.343106 0.00846876 0.0253755 0
145.455 0.32548 0.0080337 0.0447078 0
145.605 0.304696 0.00752072 0.0378908 0
145.655 0.0731403 0.0018053 0.0365945 0
145.855 0.254022 0.00626994 0.0707214 0
145.905 0.116224 0.00286873 0.0240036 0
146.255 0.404354 0.00998053 0.155735 0
146.405 0.235123 0.00580345 0.0729413 0
146.655 0.0631227 0.00155804 0.136762 0
146.855 0.183619 0.00453222 0.091255 0
146.905 0.0516142 0.00127398 0.0256976 0
147.055 0.093981 0.0023197 0.0821875 0
147.205 0.318558 0.00786285 0.0680605 0
147.255 0.0319981 0.000789798 0.0305924 0
147.455 0.742475 0.0183261 0.138798 0
147.705 1.80206 0.0444779 0.144957 0
147.855 1.44448 0.0356528 0.0758794 0
147.955 1.05169 0.0259582 0.0388656 0
148.155 2.19646 0.0542112 0.0825396 0
148.355 2.0251 0.0499824 0.123815 0
148.655 2.02999 0.050103 0.168873 0
148.705 0.364948 0.00900789 0.027431 0
148.905 0.455172 0.0112348 0.0819639 0
148.955 0.137107 0.00338416 0.0234462 0
149.255 0.470212 0.0116061 0.133828 0
149.455 0.370608 0.00914758 0.117678 0
149.605 0.0466817 0.00115223 0.0445772 0
149.805 0.0901352 0.00222478 0.107381 0
150.005 0.195688 0.00483011 0.0538018 0
150.255 0.104616 0.00258221 0.162037 0
150.405 0.275747 0.00680618 0.117257 0
150.455 0.29387 0.0072535 0.018909 0
150.655 0.123807 0.00305589 0.130383 0
150.955 0.194928 0.00481135 0.228815 0
151.055 0.250527 0.00618368 0.080125 0
151.255 0.109665 0.00270682 0.14191 0
151.305 0.0470963 0.00116246 0.0325848 0
151.505 0.430067 0.0106152 0.153483 0
151.705 0.980684 0.0242056 0.16472 0
151.955 2.05984 0.0508395 0.191349 0
152.105 1.48226 0.0365851 0.103001 0
152.255 1.79057 0.0441942 0.121138 0
152.455 2.06617 0.0509959 0.138716 0
152.705 0.811438 0.0200283 0.174741 0
152.855 0.110032 0.00271588 0.117187 0
153.005 0.463317 0.0114359 0.0717917 0
153.205 0.061748 0.00152411 0.129347 0
153.255 0.0750988 0.00185364 0.0320327 0
153.505 0.482472 0.0119087 0.177031 0
153.555 0.409717 0.0101129 0.0311428 0
153.855 1.92041 0.0473987 0.195671 0
154.105 1.17526 0.0290082 0.158044 0
154.255 0.376809 0.00930063 0.103882 0
154.455 0.704549 0.01739 0.130711 0
154.655 0.156432 0.00386116 0.118889 0
154.855 0.489542 0.0120832 0.133827 0
154.955 0.143669 0.00354614 0.0736577 0
155.155 0.103322 0.00255026 0.127206 0
155.405 0.321391 0.00793278 0.167366 0
155.555 0.274999 0.00678772 0.0816935 0
155.705 0.783945 0.0193497 0.132433 0
155.905 0.618094 0.0152562 0.132233 0
156.205 2.27345 0.0561112 0.207831 0
156.305 0.880792 0.0217401 0.072071 0
156.505 2.18591 0.0539508 0.14085 0
156.555 0.724058 0.0178716 0.0236928 0
156.855 3.74914 0.0925222 0.22023 0
157.155 3.81121 0.0940535 0.175457 0
157.405 3.39431 0.0837685 0.128268 0
157.555 2.08811 0.0515372 0.0818205 0
157.805 3.48855 0.0860934 0.117536 0
158.005 2.83246 0.0699055 0.0963383 0
158.155 2.17817 0.0537599 0.0760286 0
158.205 0.983151 0.0242665 0.064636 0
158.405 2.80492 0.0692261 0.0971874 0
158.655 3.51271 0.0866895 0.122396 0
158.955 4.24703 0.104804 0.152888 0
159.155 2.96337 0.0731358 0.113343 0
159.305 2.21062 0.0545607 0.0777633 0
159.455 2.16575 0.0534534 0.0683391 0
159.555 1.25715 0.0310293 0.0349523 0
159.755 2.72972 0.0673704 0.0623793 0
160.005 3.51789 0.0868173 0.0968823 0
160.305 4.28298 0.105691 0.0817541 0
160.505 2.78455 0.0687233 0.0326312 0
160.605 1.31222 0.0323884 0.0352348 0
160.755 2.26005 0.0557805 0.0461589 0
160.905 2.07747 0.0512747 0.0209787 0
161.005 1.47527 0.0364125 0.0291432 0
161.355 4.8937 0.120753 0.0466493 0
161.655 4.11565 0.101563 0.0506529 0
161.805 1.75144 0.0432285 0.0465729 0
161.905 0.879929 0.0217188 0.0295591 0
162.055 1.11944 0.0276303 0.0585352 0
162.105 0.368992 0.00910769 0.0218273 0
162.505 1.56471 0.03862 0.149961 0
162.605 0.537735 0.0132727 0.0505997 0
162.755 0.991205 0.0244653 0.0581226 0
162.855 0.72146 0.0178075 0.0265334 0
163.005 1.4105 0.0348141 0.0737534 0
163.105 1.0013 0.0247145 0.0320043 0
163.405 3.54791 0.087558 0.125273 0
163.755 4.27612 0.105522 0.140447 0
163.805 0.537197 0.0132594 0.0250973 0
164.105 1.54985 0.0382532 0.127949 0
164.155 0.10682 0.0026366 0.0327534 0
164.405 1.13582 0.0280346 0.0944155 0
164.605 1.64029 0.0404853 0.10203 0
164.855 2.48572 0.0613495 0.138998 0
165.055 2.42329 0.0598088 0.0972163 0
165.255 2.4711 0.0609886 0.108122 0
165.555 3.92078 0.0967564 0.155505 0
165.605 0.792993 0.019573 0.0244281 0
165.905 4.15912 0.102636 0.15907 0
165.955 0.75684 0.0186807 0.0237846 0
166.155 2.57676 0.0635959 0.118453 0
166.355 1.46115 0.0360642 0.115307 0
166.455 0.494796 0.0122129 0.0686423 0
166.855 1.66516 0.0410991 0.206575 0
166.955 0.882301 0.0217773 0.0584571 0
167.105 1.49 0.0367763 0.0840072 0
167.455 3.83287 0.094588 0.166571 0
167.705 1.98204 0.0489196 0.116999 0
168.005 1.43207 0.0353464 0.15346 0
168.155 0.462092 0.0114057 0.0778062 0
168.355 0.642611 0.0158613 0.0964206 0
168.555 1.25423 0.0309572 0.104027 0
168.755 1.91988 0.0473857 0.118314 0
168.905 1.62299 0.0400585 0.0806751 0
169.205 3.72388 0.0918993 0.174812 0
169.455 2.1628 0.0533806 0.129553 0
169.605 0.756701 0.0186773 0.0596928 0
169.755 0.703789 0.0173713 0.0892729 0
170.105 0.111817 0.00275995 0.209887 0
170.305 1.22818 0.0303142 0.119288 0
170.455 1.59324 0.0393241 0.0579578 0
170.505 0.486572 0.0120099 0.0306104 0
170.855 3.89002 0.0959978 0.176145 0
170.955 0.961236 0.0237256 0.0620488 0
171.405 2.73792 0.0675729 0.264215 0
171.455 0.199877 0.0049335 0.0231354 0
171.755 1.00982 0.0249248 0.171062 0
171.955 1.62712 0.0401603 0.13293 0
172.305 3.57696 0.0882747 0.198763 0
172.405 1.29582 0.0319837 0.0732874 0
172.605 1.52628 0.0376716 0.089262 0
172.655 0.302833 0.00747473 0.0193222 0
172.705 0.291919 0.00720534 0.0277479 0
172.755 0.221478 0.00546666 0.0116876 0
172.805 0.153637 0.00379218 0.0181422 0
173.005 0.798121 0.0196996 0.0717256 0
173.055 0.0885459 0.00218555 0.0124674 0
173.405 0.890047 0.0219685 0.171684 0
173.705 0.641491 0.0158336 0.186953 0
173.905 0.207758 0.00512803 0.129607 0
174.255 0.295135 0.00728472 0.25041 0
174.405 0.681946 0.0168322 0.0938379 0
174.605 1.44003 0.0355428 0.110073 0
174.805 1.97872 0.0488378 0.117506 0
174.905 1.36189 0.0336142 0.023713 0
175.155 3.00185 0.0740851 0.128367 0
175.355 1.41228 0.0348579 0.126621 0
175.555 0.0784562 0.00193651 0.108531 0
175.755 0.895102 0.0220933 0.123506 0
175.905 0.562594 0.0138863 0.0855017 0
176.155 0.719708 0.0177642 0.149961 0
176.205 0.0785756 0.00193946 0.0250698 0
176.255 0.175489 0.00433154 0.034506 0
176.405 0.477125 0.0117767 0.0809553 0
176.455 0.366811 0.00905386 0.0704244 0
176.555 0.620866 0.0153246 0.0629941 0
176.855 2.56432 0.0632889 0.160479 0
177.105 0.761712 0.018801 0.124955 0
177.155 0.139961 0.0034546 0.0179048 0
177.455 1.28962 0.0318305 0.1091 0
177.605 1.27162 0.0313863 0.0621915 0
177.755 1.47972 0.0365224 0.0445849 0
177.855 0.97716 0.0241186 0.0297808 0
178.105 1.94725 0.0480611 0.0537032 0
178.155 0.277671 0.00685367 0.01802 0
178.405 1.2507 0.0308701 0.0370255 0
178.505 0.291835 0.00720327 0.00589898 0
178.705 0.144492 0.00356646 0.00623332 0
178.905 1.05147 0.0259528 0.0265995 0
179.155 2.20355 0.0543861 0.0514282 0
179.255 0.918617 0.0226737 0.0161734 0
179.305 0.635136 0.0156768 0.0248614 0
179.455 1.75987 0.0434366 0.0331075 0
179.555 0.896327 0.0221235 0.0242077 0
179.655 0.615868 0.0152012 0.0239109 0
179.805 1.29451 0.0319514 0.106538 0
180.005 0.977985 0.024139 0.0626682 0
180.155 0.29094 0.00718117 0.0435503 0
180.205 0.0407288 0.0010053 0.00894899 0
180.505 0.570847 0.01409 0.121351 0
180.755 0.487462 0.0120318 0.131011 0
180.805 0.365855 0.00903026 0.0257215 0
181.105 2.43199 0.0600235 0.135693 0
181.205 0.873227 0.0215534 0.0587676 0
181.355 1.63294 0.040304 0.0725304 0
181.455 1.41852 0.0350119 0.0725838 0
181.705 2.30033 0.0567745 0.118013 0
181.905 0.374454 0.00924252 0.0907287 0
181.955 0.425008 0.0104903 0.0527388 0
182.005 0.214165 0.00528617 0.0264359 0
182.205 1.09057 0.0269178 0.0847076 0
182.255 0.219875 0.00542711 0.0173906 0
182.455 0.927477 0.0228924 0.073959 0
182.705 0.175016 0.00431987 0.0762995 0
182.955 1.20351 0.0297052 0.0512955 0
183.005 0.463977 0.0114522 0.0194662 0
183.055 0.541054 0.0133546 0.00459825 0
183.255 0.644105 0.0158982 0.109745 0
183.305 0.0703392 0.00173616 0.0152173 0
183.505 0.693749 0.0171235 0.0755282 0
183.555 0.236834 0.00584569 0.0136769 0
183.855 2.26896 0.0560002 0.0758967 0
184.105 2.4166 0.0596437 0.0889702 0
184.155 0.45667 0.0112718 0.0290289 0
184.405 1.46712 0.0362116 0.0907452 0
184.555 0.600926 0.0148324 0.0579021 0
184.605 0.185079 0.00456824 0.0105473 0
184.855 0.709645 0.0175158 0.103963 0
185.055 0.251439 0.00620619 0.0783376 0
185.205 0.189585 0.00467948 0.0880033 0
185.355 0.0995219 0.00245647 0.0668545 0
185.505 0.0512275 0.00126443 0.0584437 0
185.705 0.228291 0.00563483 0.0987046 0
186.005 0.0473571 0.0011689 0.1467 0
186.055 0.321281 0.00793006 0.0413052 0
186.255 0.0966363 0.00238524 0.101802 0
186.305 0.0199034 0.00049127 0.0169116 0
186.505 0.442649 0.0109257 0.10203 0
186.655 0.658058 0.0162425 0.0807675 0
186.705 0.265548 0.00655444 0.0267084 0
187.005 2.13085 0.0525921 0.14992 0
187.255 1.04127 0.0257009 0.128313 0
187.355 0.259184 0.00639735 0.0610254 0
187.555 0.434643 0.0107281 0.125652 0
187.705 0.552864 0.0136461 0.0957823 0
187.905 1.11765 0.0275861 0.103882 0
187.955 0.434399 0.0107221 0.027355 0
188.155 0.941952 0.0232496 0.124563 0
188.305 0.457089 0.0112822 0.0885398 0
188.605 0.760196 0.0187635 0.194776 0
188.705 0.17339 0.00427974 0.0607544 0
189.005 0.297595 0.00734544 0.168506 0
189.205 0.339068 0.0083691 0.143799 0
189.255 0.171471 0.00423237 0.0250582 0
189.505 0.314236 0.00775618 0.15647 0
189.655 0.377116 0.00930823 0.105774 0
189.755 0.336795 0.008313 0.0639433 0
190.055 0.610058 0.0150578 0.217951 0
190.105 0.337862 0.00833932 0.0418709 0
190.305 0.2412 0.00595347 0.139881 0
190.605 0.166318 0.00410518 0.184069 0
190.855 0.466626 0.0115176 0.157751 0
191.055 0.100967 0.00249213 0.143175 0
191.205 0.120546 0.0029754 0.0972049 0
191.355 0.390262 0.00963269 0.106383 0
191.505 0.339192 0.00837215 0.119164 0
191.655 0.769126 0.0189839 0.0893871 0
191.855 1.04021 0.0256749 0.139014 0
192.155 0.861856 0.0212727 0.208669 0
192.255 0.321586 0.00793759 0.0751385 0
192.455 0.4562 0.0112602 0.135704 0
192.605 0.648869 0.0160157 0.118124 0
192.805 0.829733 0.0204799 0.139826 0
193.005 0.649757 0.0160377 0.129641 0
193.255 0.526544 0.0129965 0.175837 0
193.455 0.563014 0.0138966 0.14339 0
193.605 0.153279 0.00378334 0.103794 0
193.705 0.140607 0.00347056 0.0717617 0
193.855 0.0563636 0.0013912 0.0981733 0
194.005 0.364508 0.00899702 0.108773 0
194.255 0.201628 0.00497671 0.18146 0
194.455 0.285076 0.00703644 0.138267 0
194.655 0.511352 0.0126215 0.142622 0
194.905 0.561384 0.0138564 0.175333 0
194.955 0.184654 0.00455776 0.0449308 0
195.155 0.200792 0.00495609 0.136226 0
195.405 0.108746 0.00268415 0.179165 0
195.655 1.11891 0.0276174 0.184881 0
195.705 0.577856 0.014263 0.0510698 0
195.905 1.92599 0.0475364 0.153132 0
195.955 0.275135 0.00679105 0.0238292 0
196.205 2.64838 0.0653634 0.192921 0
196.255 0.577557 0.0142556 0.0351349 0
196.505 3.14142 0.0775289 0.18338 0
196.655 1.9554 0.0482622 0.099215 0
197.005 4.63471 0.114366 0.265517 0
197.155 1.70021 0.0419643 0.117495 0
197.255 1.19386 0.0294671 0.114277 0
197.405 1.99763 0.0493043 0.106953 0
197.705 4.18242 0.10321 0.231538 0
197.955 3.54632 0.0875186 0.163036 0
198.055 1.25951 0.0310874 0.0452891 0
198.255 3.25874 0.0804236 0.148233 0
198.605 5.03761 0.124302 0.166591 0
198.755 2.10083 0.0518513 0.0677733 0
198.955 3.08283 0.0760833 0.0968829 0
199.105 1.93646 0.0477948 0.0797879 0
199.305 2.65234 0.065461 0.0786312 0
199.505 2.53085 0.062463 0.0719509 0
199.605 1.42459 0.0351618 0.045873 0
199.905 3.39846 0.0838707 0.108224 0
200.105 1.72098 0.0424769 0.076481 0
200.255 0.910649 0.022477 0.0594322 0
200.405 0.688345 0.0169901 0.053797 0
200.605 0.57719 0.0142465 0.0553334 0
200.755 0.252056 0.0062214 0.0367781 0
200.955 0.881188 0.0217499 0.024555 0
201.255 2.28343 0.0563575 0.0738699 0
201.455 2.00129 0.0493947 0.0359013 0
201.605 1.71342 0.0422903 0.055269 0
201.755 1.89884 0.0468664 0.107325 0
202.005 3.24776 0.0801528 0.101308 0
202.155 2.07092 0.051113 0.0707356 0
202.405 3.5407 0.0873801 0.124309 0
202.655 3.03301 0.074854 0.139584 0
202.855 2.7883 0.0688158 0.106046 0
203.055 2.34993 0.0579986 0.132621 0
203.105 0.603408 0.0148937 0.0297529 0
203.255 1.4507 0.0358062 0.0886082 0
203.405 1.0515 0.0259535 0.0923747 0
203.555 0.914671 0.0225763 0.0873341 0
203.805 0.762913 0.0188306 0.142386 0
204.055 0.424217 0.0104708 0.154404 0
204.305 0.954902 0.0235693 0.152691 0
204.455 0.126176 0.00311435 0.095038 0
204.605 0.0933585 0.00230434 0.0954439 0
204.755 0.120427 0.00297246 0.0956056 0
204.805 0.240754 0.00594244 0.036892 0
205.005 0.420813 0.0103868 0.123753 0
205.105 0.37933 0.00936285 0.0804537 0
205.255 0.327784 0.00809057 0.111368 0
205.305 0.273146 0.00674198 0.0394888 0
205.605 0.381363 0.00941304 0.202644 0
205.855 0.225465 0.00556508 0.18023 0
206.055 0.154182 0.00380562 0.146338 0
206.205 0.0214623 0.000529747 0.0972726 0
206.355 0.421348 0.0104 0.0897049 0
206.605 0.263785 0.0065109 0.175607 0
206.755 0.329447 0.00813163 0.104607 0
206.805 0.194213 0.00479368 0.0311661 0
206.955 0.859342 0.0212107 0.100712 0
207.105 1.11003 0.0273981 0.111181 0
207.355 3.31248 0.0817494 0.206469 0
207.505 1.57467 0.0388658 0.0856604 0
207.655 1.86266 0.0459735 0.101515 0
207.855 1.66626 0.0411263 0.183896 0
208.005 1.22622 0.0302658 0.108449 0
208.155 1.22674 0.0302788 0.113085 0
208.355 0.725458 0.0179061 0.14787 0
208.505 0.375936 0.0092791 0.107371 0
208.705 0.220332 0.00543839 0.206896 0
208.905 1.06484 0.0262828 0.174021 0
209.055 0.401244 0.00990377 0.135915 0
209.255 0.324769 0.00801616 0.115158 0
209.405 0.0342057 0.000844289 0.0691504 0
209.555 0.139578 0.00344517 0.100339 0
209.755 0.067174 0.00165803 0.140301 0
209.905 0.304978 0.00752768 0.0666945 0
210.155 1.21084 0.0298862 0.198067 0
210.305 1.36722 0.0337458 0.126564 0
210.505 1.90874 0.0471107 0.173858 0
210.755 2.78814 0.0688119 0.208421 0
210.855 1.18995 0.0293707 0.0728072 0
211.055 2.30619 0.0569192 0.171856 0
211.105 0.712543 0.0175874 0.0469804 0
211.305 2.50531 0.0618329 0.123016 0
211.505 2.71858 0.0670956 0.155401 0
211.805 4.21398 0.103989 0.188415 0
211.955 2.237 0.0552116 0.0955789 0
212.105 1.96706 0.0485499 0.0905776 0
212.155 0.726095 0.0179218 0.0294602 0
212.305 2.13989 0.0528152 0.0876674 0
212.705 5.65168 0.139442 0.243169 0
212.855 1.98272 0.0489364 0.0868137 0
213.055 2.91313 0.071896 0.15801 0
213.255 2.65317 0.0654816 0.125803 0
213.305 0.629667 0.0155418 0.0323702 0
213.555 3.47186 0.0856818 0.137787 0
213.655 1.47999 0.0365291 0.0829016 0
213.905 3.51799 0.0868198 0.138229 0
214.155 3.70629 0.0914653 0.177075 0
214.305 2.01807 0.0498089 0.0758682 0
214.505 2.8728 0.070901 0.11436 0
214.655 2.13805 0.0527698 0.11089 0
214.855 2.80179 0.0691489 0.0871927 0
215.055 2.84357 0.0701798 0.114881 0
215.205 2.13861 0.0527837 0.0857242 0
215.405 2.74151 0.0676613 0.0953158 0
215.605 2.87459 0.0709451 0.104518 0
215.805 2.94491 0.0726803 0.119509 0
215.955 2.14242 0.0528777 0.0596903 0
216.155 2.67669 0.0660619 0.0794396 0
216.305 2.07148 0.051127 0.0463601 0
216.555 3.5049 0.0864967 0.0801937 0
216.605 0.704495 0.0173887 0.017791 0
216.755 2.07985 0.0513334 0.0452786 0
216.955 1.99945 0.0493493 0.0377673 0
217.255 0.844357 0.0208408 0.088042 0
217.405 0.215327 0.00531485 0.0721079 0
217.555 0.439247 0.0108418 0.059431 0
217.755 0.139316 0.00343868 0.0744085 0
218.005 0.167393 0.0041317 0.0947706 0
218.155 0.496979 0.0122667 0.0416118 0
218.355 0.854135 0.0210822 0.0570042 0
218.555 0.416647 0.0102839 0.0884563 0
218.755 1.00778 0.0248744 0.0951992 0
218.905 0.691626 0.0170711 0.0571971 0
219.105 0.705118 0.0174041 0.0940907 0
219.255 0.31384 0.00774642 0.0818349 0
219.455 0.162961 0.00402231 0.0805021 0
219.605 0.617505 0.0152416 0.0855725 0
219.805 1.23541 0.0304927 0.0693048 0
219.955 0.543621 0.013418 0.0785044 0
220.155 0.678131 0.016738 0.109608 0
220.355 0.582466 0.0143768 0.121918 0
220.505 0.629681 0.0155421 0.131164 0
220.705 0.327926 0.00809409 0.145825 0
220.855 0.176605 0.00435908 0.0587655 0
221.005 0.0949067 0.00234255 0.0753881 0
221.205 0.259029 0.00639352 0.0878888 0
221.405 0.288412 0.00711876 0.163209 0
221.605 0.171395 0.00423048 0.0777568 0
221.755 0.313937 0.0077488 0.0797167 0
221.905 0.164117 0.00405085 0.0996368 0
222.055 0.154834 0.00382171 0.0503207 0
222.105 0.043665 0.00107777 0.0521411 0
222.305 0.232637 0.00574209 0.0953716 0
222.505 0.113013 0.00278946 0.101129 0
222.655 0.421897 0.0104135 0.121595 0
222.755 0.106893 0.00263841 0.0696638 0
222.955 0.340264 0.00839862 0.142928 0
223.005 0.145537 0.00359225 0.0258253 0
223.255 0.107758 0.00265976 0.174901 0
223.505 0.091385 0.00225563 0.171748 0
223.755 0.275716 0.00680541 0.177346 0
223.955 0.707577 0.0174648 0.15251 0
224.155 0.0379687 0.000937169 0.16926 0
224.355 0.273624 0.00675378 0.154477 0
224.505 0.317723 0.00784225 0.0331235 0
224.705 0.150192 0.00370714 0.095644 0
224.855 0.58367 0.0144065 0.102055 0
225.055 0.21718 0.00536057 0.150618 0
225.255 0.190285 0.00469674 0.166514 0
225.405 0.091071 0.00224788 0.136487 0
225.455 0.0520441 0.00128459 0.0357876 0
225.605 0.166971 0.00412129 0.0861031 0
225.755 0.431164 0.0106423 0.069854 0
226.155 0.159434 0.00393525 0.282259 0
226.355 0.332854 0.00821572 0.155739 0
226.555 0.110571 0.00272919 0.143648 0
226.755 0.251207 0.00620047 0.139569 0
226.905 0.0709628 0.00175155 0.0709218 0
227.005 0.224107 0.00553155 0.069315 0
227.255 0.410723 0.0101377 0.213717 0
227.505 0.222726 0.00549747 0.197816 0
227.705 0.113236 0.00279497 0.154246 0
227.905 0.25258 0.00623436 0.102864 0
228.105 0.173773 0.00428919 0.148354 0
228.305 0.0792098 0.00195511 0.143196 0
228.405 0.351151 0.00866733 0.0452892 0
228.605 0.0539429 0.00133145 0.141556 0
228.755 0.108912 0.00268825 0.13496 0
229.005 0.165778 0.00409185 0.175504 0
229.305 0.137908 0.00340394 0.220497 0
229.455 0.234419 0.00578608 0.0784448 0
229.555 0.191572 0.0047285 0.0860877 0
229.705 0.23598 0.00582463 0.137836 0
229.905 0.0712478 0.00175859 0.143174 0
230.105 0.265247 0.00654701 0.144657 0
230.305 0.213716 0.00527507 0.143021 0
230.355 0.0978698 0.00241569 0.00352133 0
230.655 0.143596 0.00354433 0.209563 0
230.855 0.340341 0.00840051 0.128947 0
231.105 0.133554 0.00329646 0.123005 0
231.205 0.0612759 0.00151245 0.0554696 0
231.505 0.56192 0.0138696 0.165376 0
231.805 0.100315 0.00247604 0.090038 0
232.105 0.150357 0.00371121 0.145411 0
232.405 0.416697 0.0102852 0.160392 0
232.605 0.151064 0.00372866 0.0925305 0
232.805 0.0998979 0.00246575 0.0756287 0
233.005 0.386816 0.00954763 0.0927278 0
233.255 0.155522 0.0038387 0.124597 0
233.305 0.108226 0.0026713 0.0189592 0
233.605 0.0503506 0.00124279 0.179017 0
233.855 0.107523 0.00265395 0.156955 0
233.905 0.100052 0.00246955 0.0433981 0
234.055 0.175893 0.00434152 0.100222 0
234.255 0.182117 0.00449513 0.173338 0
234.455 0.264532 0.00652935 0.14618 0
234.555 0.0490128 0.00120977 0.0586524 0
234.805 0.187621 0.004631 0.192017 0
234.955 0.298503 0.00736784 0.0753647 0
235.255 0.503679 0.0124321 0.187866 0
235.405 0.0556403 0.00137335 0.0946676 0
235.655 0.137321 0.00338946 0.164736 0
235.705 0.196089 0.00484001 0.0436872 0
236.005 0.145331 0.00358716 0.203459 0
236.055 0.106862 0.00263764 0.0228023 0
236.405 0.201791 0.00498075 0.254121 0
236.705 0.155682 0.00384264 0.201593 0
236.805 0.318907 0.00787147 0.0798903 0
236.955 0.167526 0.00413498 0.0789484 0
237.105 0.173073 0.00427189 0.0904325 0
237.355 0.186036 0.00459187 0.135165 0
237.605 0.071541 0.00176582 0.0810524 0
237.755 0.159946 0.00394789 0.0763584 0
237.955 0.0540602 0.00133435 0.0638282 0
238.155 0.152729 0.00376977 0.113687 0
238.305 0.121046 0.00298775 0.0769455 0
238.405 0.155822 0.0038461 0.0501217 0
238.605 0.0843071 0.00208092 0.0648618 0
238.805 0.318187 0.00785371 0.101194 0
238.905 0.240256 0.00593016 0.0473739 0
238.955 0.205155 0.00506376 0.0275299 0
239.055 0.0556805 0.00137435 0.0526804 0
239.155 0.166446 0.00410834 0.0501297 0
239.655 0.0827851 0.00204336 0.283566 0
239.755 0.256301 0.00632619 0.084293 0
239.955 0.332104 0.0081972 0.117409 0
240.155 0.0738103 0.00182184 0.123968 0
240.255 0.0401224 0.000990328 0.0653092 0
240.405 0.306806 0.0075728 0.119871 0
240.505 0.10271 0.00253515 0.0671687 0
240.705 0.12292 0.00303399 0.0999815 0
240.955 0.341378 0.0084261 0.182899 0
241.155 0.301151 0.00743322 0.149379 0
241.555 0.373308 0.00921422 0.281415 0
241.605 0.033331 0.000822699 0.0321766 0
241.705 0.0890968 0.00219915 0.0622908 0
241.905 0.108346 0.00267426 0.132706 0
242.205 0.369888 0.00912982 0.217613 0
242.255 0.0890197 0.00219724 0.0365451 0
242.305 0.0573852 0.00141642 0.026836 0
242.455 0.0556138 0.0013727 0.0737773 0
242.755 0.448257 0.0110642 0.212131 0
243.005 1.66588 0.041117 0.167669 0
243.205 2.03548 0.0502384 0.195798 0
243.255 0.579134 0.0142945 0.0483111 0
243.405 1.91081 0.0471617 0.131212 0
243.455 0.873155 0.0215516 0.0542945 0
243.855 10.3451 0.254997 25.1616 0.0248294
244.005 2.15556 0.0532019 0.0966425 0
244.155 1.90086 0.0469162 0.093776 0
244.405 3.446 0.0850438 0.142897 0
244.555 2.29957 0.0567557 0.087155 0
244.705 2.03675 0.0502699 0.0680634 0
244.805 1.54332 0.0380921 0.0611212 0
244.955 2.07644 0.0512494 0.0806951 0
245.005 0.414036 0.0102195 0.0417202 0
245.255 3.625 0.0894599 0.113107 0
245.405 2.13306 0.0526466 0.0521543 0
245.455 0.758416 0.0187196 0.0176697 0
245.505 0.687319 0.0169648 0.0110949 0
245.755 3.59477 0.0887141 0.0365411 0
246.205 6.26728 0.154616 0.0469828 0
246.355 2.15771 0.053255 0.0285539 0
246.505 2.10421 0.0519346 0.0333769 0
246.755 3.59657 0.0887584 0.0644462 0
247.005 3.69452 0.0911748 0.078561 0
247.255 3.46479 0.0855073 0.0650817 0
247.405 2.17632 0.0537141 0.0408782 0
247.655 3.49617 0.0862816 0.0470987 0
247.855 3.02299 0.0746068 0.0258538 0
248.055 2.83534 0.0699767 0.0186463 0
248.405 5.04655 0.124522 0.0315581 0
248.555 1.80011 0.0444297 0.0320295 0
248.655 1.01473 0.0250459 0.0541627 0
248.855 1.5007 0.0370401 0.0503111 0
249.205 2.8746 0.0709454 0.0918309 0
249.355 1.69983 0.0419549 0.0520653 0
249.655 3.65584 0.0902207 0.131642 0
250.005 3.59274 0.0886639 0.155195 0
250.205 1.56393 0.0386007 0.121395 0
250.455 1.58454 0.0391094 0.135342 0
250.605 0.582885 0.0143871 0.0968176 0
250.705 0.407258 0.0100522 0.0537236 0
251.105 0.813786 0.0200862 0.256122 0
251.405 0.332262 0.0082011 0.182418 0
251.555 0.685 0.0169075 0.15917 0
251.805 1.30082 0.0321071 0.1874 0
252.055 0.428011 0.0105644 0.142749 0
252.255 0.0315703 0.00077924 0.108647 0
252.405 0.0544301 0.00134348 0.0823054 0
252.805 0.311373 0.00768552 0.233035 0
253.005 0.0693594 0.00171198 0.122016 0
253.255 0.119565 0.00295118 0.149658 0
253.455 0.380623 0.00939478 0.134577 0
253.555 0.525165 0.0129624 0.0801423 0
253.805 0.987863 0.0243828 0.157171 0
253.905 0.248777 0.00614049 0.0615892 0
254.055 0.664375 0.0163985 0.09727 0
254.605 1.82222 0.0449755 0.374837 0
254.805 1.9911 0.0491431 0.163778 0
255.155 4.07092 0.10046 0.254739 0
255.355 2.48421 0.0613122 0.11778 0
255.655 3.90013 0.0962472 0.21047 0
255.705 0.593822 0.0146571 0.0252926 0
255.905 2.6087 0.0643841 0.131252 0
256.005 1.45347 0.0358746 0.0743111 0
256.355 4.86154 0.11996 0.179264 0
256.455 1.54677 0.0381772 0.0621772 0
256.605 2.05178 0.0506407 0.0414767 0
256.755 1.90254 0.0469575 0.0267123 0
257.105 4.80772 0.118633 0.0960898 0
257.305 2.46645 0.0608738 0.0975175 0
257.455 2.01741 0.0497925 0.0252172 0
257.505 0.501424 0.0123765 0.0156983 0
257.705 2.59985 0.0641657 0.0325256 0
258.005 4.0819 0.100731 0.0542873 0
258.205 2.88748 0.0712633 0.0450861 0
258.405 2.7363 0.0675327 0.05362 0
258.605 2.52585 0.0623398 0.109043 0
258.905 1.43381 0.0353893 0.104168 0
259.005 0.376779 0.0092999 0.036961 0
259.305 1.77201 0.0437362 0.115799 0
259.505 1.78121 0.0439633 0.0952817 0
259.755 3.04115 0.075055 0.139137 0
260.005 3.11956 0.0769896 0.142759 0
260.355 2.88011 0.0710815 0.199071 0
260.505 0.891296 0.0219994 0.0922374 0
260.555 0.13008 0.00321071 0.0281081 0
260.605 0.209507 0.0051712 0.03153 0
260.655 0.254841 0.00629015 0.026877 0
260.705 0.49349 0.0121806 0.0695055 0
