timestamp rot_error_deg rot_chordal_error trans_abs_error trans_norm_error
24.0049 123.923 2.49646 28.7264 0.935077
24.0549 0.140884 0.0034774 0 0
24.1049 0.0453957 0.00112049 0 0
24.1549 0.1602 0.00395417 0 0
24.4049 0.12393 0.00305892 0 0
24.6549 0.121554 0.00300027 0 0
24.8049 0.058635 0.00144727 0 0
25.0549 0.0126862 0.000313129 0 0
25.2549 0.0902522 0.00222767 0 0
25.4549 0.0784796 0.00193709 0 0
25.7049 0.0870741 0.00214922 0 0
25.9049 0.0488687 0.00120621 0 0
26.1549 0.370991 0.00915704 0 0
26.3549 0.0792046 0.00195498 0 0
26.5549 0.177671 0.00438539 0 0
26.7549 0.121061 0.00298812 0 0
26.9549 0.0500987 0.00123657 0 0
27.1549 0.275795 0.00680735 0 0
27.3549 0.0672879 0.00166085 0 0
27.5549 0.0419814 0.00103621 0 0
27.7549 0.15593 0.00384878 0 0
27.9549 0.272259 0.00672009 0 0
28.1549 0.137445 0.00339251 0 0
28.3549 0.534381 0.0131899 0 0
28.6549 0.0571285 0.00141008 0 0
28.8549 0.109093 0.0026927 0 0
29.1049 0.0509551 0.00125771 0 0
29.3049 0.0405598 0.00100112 0 0
29.5049 0.0910645 0.00224772 0 0
29.6549 0.137458 0.00339283 0 0
29.8049 0.0406571 0.00100353 0 0
30.0049 0.0783265 0.00193331 0 0
30.3549 0.141564 0.00349417 0 0
30.6049 0.0474703 0.00117169 0 0
30.7549 0.0339472 0.000837908 0 0
30.9549 0.132299 0.0032655 0 0
31.1549 0.0860087 0.00212293 0 0
31.5049 1.29659 0.0320026 0 0
31.7049 1.63516 0.0403587 0 0
31.9549 2.74151 0.0676613 0 0
32.2049 3.19575 0.0788695 0 0
32.3549 2.02119 0.0498857 0 0
32.5549 2.54137 0.0627228 0 0
32.8049 3.41235 0.0842135 0 0
33.1049 4.18138 0.103185 0 0
33.2549 2.20016 0.0543024 0 0
33.4549 3.00006 0.0740411 0 0
33.5549 1.18159 0.0291643 0 0
33.9049 4.85966 0.119913 0 0
34.0549 2.02059 0.049871 0 0
34.2549 2.74805 0.0678227 0 0
34.4049 2.18157 0.0538438 0 0
34.6549 3.22738 0.0796498 0 0
34.8549 2.73731 0.0675577 0 0
35.1549 4.11003 0.101425 0 0
35.4549 4.07597 0.100585 0 0
35.5049 0.906272 0.022369 0 0
35.7549 3.32483 0.0820542 0 0
35.9049 2.16459 0.0534247 0 0
36.2049 4.21904 0.104114 0 0
36.4049 2.97023 0.073305 0 0
36.6549 3.54127 0.0873941 0 0
36.8549 3.11535 0.0768858 0 0
36.9049 0.888428 0.0219286 0 0
37.0549 2.18883 0.054023 0 0
37.2049 1.85 0.045661 0 0
37.4049 2.05798 0.0507937 0 0
37.6549 1.06647 0.026323 0 0
37.7549 0.495976 0.012242 0 0
38.0049 1.36994 0.033813 0 0
38.3549 0.766296 0.0189141 0 0
38.5049 0.365777 0.00902834 0 0
38.7049 0.887816 0.0219135 0 0
38.7549 0.531094 0.0131088 0 0
39.0549 3.30011 0.0814442 0 0
39.2549 2.17986 0.0538016 0 0
39.5049 3.80832 0.0939822 0 0
39.6549 2.04099 0.0503745 0 0
39.9049 3.47635 0.0857926 0 0
40.0549 1.83515 0.0452945 0 0
40.3049 2.0643 0.0509496 0 0
40.3549 0.170441 0.00420695 0 0
40.5549 0.521203 0.0128647 0 0
40.6549 0.344345 0.00849935 0 0
41.0549 1.56473 0.0386205 0 0
41.3049 0.513118 0.0126651 0 0
41.5049 0.106498 0.00262865 0 0
41.5549 0.149075 0.00367957 0 0
41.7549 1.09839 0.0271107 0 0
41.9549 1.76306 0.0435153 0 0
42.1049 1.51556 0.0374069 0 0
42.4049 3.61241 0.0891493 0 0
42.6049 2.50079 0.0617212 0 0
42.7549 1.88374 0.0464936 0 0
43.0549 4.24148 0.104667 0 0
43.2549 2.67384 0.0659916 0 0
43.4549 1.34731 0.0332544 0 0
43.5549 0.18199 0.00449201 0 0
43.7549 0.585836 0.0144599 0 0
43.8049 0.452241 0.0111625 0 0
44.0049 1.5123 0.0373266 0 0
44.3049 3.16543 0.0781215 0 0
44.5549 2.98829 0.0737507 0 0
44.6049 0.369963 0.00913166 0 0
44.8049 3.12291 0.0770721 0 0
45.1049 3.72091 0.0918258 0 0
45.3549 3.52441 0.0869783 0 0
45.6549 3.8925 0.0960588 0 0
45.8049 2.07415 0.0511928 0 0
45.9549 2.06456 0.0509562 0 0
46.2049 3.60432 0.0889495 0 0
46.3549 2.38 0.0587405 0 0
46.4049 0.754151 0.0186143 0 0
46.6549 5.0869 0.125517 0 0
46.8049 1.96755 0.0485621 0 0
47.1049 3.50335 0.0864586 0 0
47.3049 2.86672 0.0707511 0 0
47.5549 3.11072 0.0767714 0 0
47.8549 4.21191 0.103938 0 0
48.0549 2.78543 0.0687452 0 0
48.2549 2.64489 0.0652773 0 0
48.3049 0.790072 0.0195009 0 0
48.6049 4.32448 0.106714 0 0
48.8049 2.8034 0.0691886 0 0
49.0049 2.12451 0.0524356 0 0
49.2549 3.54621 0.0875161 0 0
49.4549 2.85352 0.0704253 0 0
49.6549 3.11692 0.0769245 0 0
49.8049 1.96495 0.0484979 0 0
50.0049 2.98048 0.0735578 0 0
50.2049 2.99983 0.0740355 0 0
50.4549 4.32738 0.106786 0 0
50.7549 4.39557 0.108468 0 0
50.8549 1.35955 0.0335565 0 0
51.0049 1.8704 0.0461644 0 0
51.1549 1.28391 0.0316896 0 0
51.4049 1.58712 0.0391731 0 0
51.6049 1.15927 0.0286134 0 0
51.8549 0.472244 0.0116562 0 0
52.0549 0.926574 0.0228701 0 0
52.2049 1.22818 0.0303143 0 0
52.4049 1.87069 0.0461716 0 0
52.6549 2.43767 0.0601637 0 0
52.8549 2.26687 0.0559489 0 0
53.0049 2.5409 0.0627112 0 0
53.2049 1.9334 0.0477191 0 0
53.4549 0.623636 0.0153929 0 0
53.6549 1.2258 0.0302553 0 0
53.7049 0.405294 0.0100037 0 0
53.8549 0.885998 0.0218686 0 0
54.0549 1.83685 0.0453365 0 0
54.4049 3.99611 0.0986147 0 0
54.4549 0.745237 0.0183943 0 0
54.7049 3.45419 0.0852458 0 0
54.9049 2.78916 0.068837 0 0
55.2049 4.40732 0.108758 0 0
55.4049 2.45515 0.0605951 0 0
55.6049 2.5272 0.0623731 0 0
55.7549 1.97047 0.0486342 0 0
55.8049 0.669762 0.0165314 0 0
56.1049 4.40634 0.108733 0 0
56.4049 4.68769 0.115673 0 0
56.6049 2.80162 0.0691445 0 0
56.8549 3.49591 0.0862751 0 0
57.0049 1.94043 0.0478927 0 0
57.2049 2.89123 0.0713556 0 0
57.5549 5.1776 0.127754 0 0
57.7549 2.81769 0.0695412 0 0
57.9549 2.83932 0.070075 0 0
58.1549 2.7429 0.0676956 0 0
58.3049 1.41179 0.0348458 0 0
58.5049 1.46266 0.0361014 0 0
58.6549 0.896656 0.0221316 0 0
58.7049 0.317192 0.00782915 0 0
58.9549 0.43619 0.0107663 0 0
59.2049 1.013 0.0250031 0 0
59.4549 2.1293 0.0525538 0 0
59.5549 0.917511 0.0226464 0 0
59.8049 2.84066 0.0701079 0 0
60.0049 2.52958 0.0624318 0 0
60.1549 1.69025 0.0417184 0 0
60.4049 2.51156 0.061987 0 0
60.5049 1.2149 0.0299865 0 0
60.7549 3.49282 0.0861988 0 0
60.8549 1.23965 0.0305973 0 0
61.1549 3.97606 0.0981202 0 0
61.4549 4.24944 0.104864 0 0
61.6549 2.16719 0.053489 0 0
61.8549 1.72598 0.0426003 0 0
61.9549 1.20853 0.0298291 0 0
62.1049 2.45282 0.0605375 0 0
62.2049 1.05261 0.0259809 0 0
62.4049 2.48401 0.0613071 0 0
62.5549 1.35161 0.0333605 0 0
62.7049 2.55211 0.0629877 0 0
63.0049 2.68314 0.0662211 0 0
63.1049 1.27659 0.0315091 0 0
63.3549 2.95246 0.0728667 0 0
63.6549 4.29734 0.106045 0 0
63.8549 2.41549 0.0596162 0 0
64.0049 2.00932 0.049593 0 0
64.2049 2.88627 0.0712334 0 0
64.4049 2.09609 0.0517343 0 0
64.6049 1.40697 0.034727 0 0
64.8049 0.633276 0.0156309 0 0
65.0049 1.25394 0.0309499 0 0
65.2049 1.53482 0.0378823 0 0
65.4049 2.12721 0.0525023 0 0
65.6049 2.07522 0.0512193 0 0
65.8049 3.62452 0.0894478 0 0
65.9549 1.55856 0.0384683 0 0
66.1549 1.48165 0.0365702 0 0
66.3549 0.688799 0.0170013 0 0
66.5549 0.55924 0.0138035 0 0
66.7549 1.2753 0.0314772 0 0
66.9549 1.5907 0.0392616 0 0
67.1049 1.24242 0.0306656 0 0
67.3049 1.86557 0.0460451 0 0
67.5049 2.55691 0.0631061 0 0
67.6549 1.61618 0.0398902 0 0
67.7049 0.587255 0.014495 0 0
67.8549 2.40267 0.0593001 0 0
67.9549 0.702229 0.0173328 0 0
68.2049 2.31117 0.0570421 0 0
68.3049 1.20683 0.0297871 0 0
68.4549 0.360492 0.00889789 0 0
68.7049 2.01152 0.0496472 0 0
68.9049 1.17459 0.0289916 0 0
69.1549 4.23494 0.104506 0 0
69.3549 1.92536 0.0475208 0 0
69.6549 2.4263 0.059883 0 0
69.8549 0.508564 0.0125527 0 0
70.0049 0.520722 0.0128528 0 0
70.2049 0.340905 0.00841445 0 0
70.4049 0.846625 0.0208968 0 0
70.4549 0.153292 0.00378367 0 0
70.5049 0.109586 0.00270486 0 0
70.7549 1.16015 0.0286352 0 0
71.1049 3.19296 0.0788006 0 0
71.3049 2.35921 0.0582276 0 0
71.4549 1.52409 0.0376176 0 0
71.6549 2.58033 0.063684 0 0
71.8549 2.75818 0.0680726 0 0
72.0549 2.33453 0.0576184 0 0
72.2049 1.72804 0.0426509 0 0
72.4049 1.68835 0.0416716 0 0
72.5549 2.93952 0.0725473 0 0
72.7049 1.91734 0.0473228 0 0
72.9049 1.24503 0.03073 0 0
73.1049 4.14814 0.102365 0 0
73.1549 0.711149 0.0175529 0 0
73.4049 3.57565 0.0882422 0 0
73.7049 4.13256 0.101981 0 0
73.8549 2.10922 0.0520582 0 0
74.0549 2.51427 0.0620539 0 0
74.2549 2.72279 0.0671995 0 0
74.3049 0.611199 0.015086 0 0
74.5549 3.86397 0.0953551 0 0
74.7549 3.93562 0.0971226 0 0
74.9549 2.39051 0.059 0 0
75.1549 2.99725 0.0739718 0 0
75.3549 2.53398 0.0625404 0 0
75.4049 0.720457 0.0177827 0 0
75.6049 3.15306 0.0778161 0 0
75.7049 1.71979 0.0424474 0 0
76.0049 5.07578 0.125243 0 0
76.0549 0.81355 0.0200804 0 0
76.2549 3.03504 0.0749041 0 0
76.3049 0.526062 0.0129846 0 0
76.4549 2.5554 0.0630689 0 0
76.6549 2.87914 0.0710574 0 0
76.8549 2.44656 0.0603831 0 0
77.1549 3.02107 0.0745596 0 0
77.4549 0.951785 0.0234923 0 0
77.6049 0.424509 0.010478 0 0
77.8049 1.39892 0.0345283 0 0
77.8549 0.51615 0.0127399 0 0
78.1049 2.97623 0.0734531 0 0
78.2049 1.4536 0.0358779 0 0
78.4549 2.93481 0.072431 0 0
78.6549 2.70981 0.0668792 0 0
78.9049 3.13091 0.0772697 0 0
79.1049 2.56194 0.0632304 0 0
79.2549 2.11771 0.0522678 0 0
79.3549 1.58126 0.0390285 0 0
79.6049 3.41945 0.0843887 0 0
79.9049 4.35714 0.10752 0 0
79.9549 0.720443 0.0177823 0 0
80.1549 3.15903 0.0779634 0 0
80.4049 3.47387 0.0857313 0 0
80.7049 4.35533 0.107475 0 0
80.9049 2.35284 0.0580702 0 0
81.0549 1.26505 0.0312241 0 0
81.2049 0.953528 0.0235354 0 0
81.2549 0.14363 0.00354517 0 0
81.5049 0.844653 0.0208481 0 0
81.7549 0.654598 0.0161572 0 0
82.0049 0.441007 0.0108852 0 0
82.0549 0.86518 0.0213548 0 0
82.3049 1.19848 0.0295812 0 0
82.4049 0.732834 0.0180882 0 0
82.6549 2.70089 0.0666589 0 0
82.7049 0.411817 0.0101647 0 0
83.0049 2.4532 0.060547 0 0
83.2049 0.473901 0.0116971 0 0
83.5049 0.471127 0.0116286 0 0
83.7049 1.51828 0.0374742 0 0
83.8549 1.269 0.0313216 0 0
84.0049 0.89252 0.0220296 0 0
84.0549 0.134513 0.00332014 0 0
84.3549 0.905155 0.0223414 0 0
84.4549 0.27938 0.00689585 0 0
84.7049 0.254387 0.00627895 0 0
84.8549 0.150117 0.00370529 0 0
85.0549 0.0975736 0.00240838 0 0
85.2549 0.187042 0.00461669 0 0
85.4549 0.44053 0.0108734 0 0
85.5049 0.331344 0.00817846 0 0
85.8049 0.142525 0.0035179 0 0
86.1549 0.769015 0.0189812 0 0
86.3549 0.342007 0.00844163 0 0
86.5549 0.153348 0.00378505 0 0
86.8049 0.167199 0.00412691 0 0
86.9049 0.0599481 0.00147968 0 0
87.1049 0.126306 0.00311758 0 0
87.3049 0.108858 0.0026869 0 0
87.5049 0.202408 0.00499597 0 0
87.7549 0.175075 0.00432133 0 0
88.0549 0.173297 0.00427742 0 0
88.2049 0.287984 0.00710821 0 0
88.4549 1.78957 0.0441696 0 0
88.5049 0.732961 0.0180913 0 0
88.7549 2.08487 0.0514573 0 0
89.1049 1.60823 0.0396942 0 0
89.4049 0.825823 0.0203833 0 0
89.6049 1.64909 0.0407026 0 0
89.8049 0.703741 0.0173701 0 0
90.0049 0.230661 0.00569333 0 0
90.1549 0.64561 0.0159353 0 0
90.4049 2.16144 0.053347 0 0
90.4549 0.486646 0.0120117 0 0
90.8049 3.20001 0.0789746 0 0
91.1549 1.06356 0.026251 0 0
91.3549 1.24631 0.0307615 0 0
91.5549 1.20907 0.0298426 0 0
91.7549 2.04508 0.0504753 0 0
92.0549 2.13566 0.0527108 0 0
92.1049 0.22083 0.00545067 0 0
92.3049 0.88119 0.0217499 0 0
92.4549 0.361187 0.00891506 0 0
92.7549 0.360827 0.00890617 0 0
93.0049 0.213467 0.00526893 0 0
93.2049 0.235975 0.00582448 0 0
93.5049 1.97995 0.048868 0 0
93.7049 2.25317 0.0556108 0 0
93.9049 2.36619 0.0583998 0 0
94.0549 1.77884 0.0439047 0 0
94.2549 1.72452 0.0425643 0 0
94.4049 0.249521 0.00615885 0 0
94.5049 0.541612 0.0133684 0 0
94.7549 1.9989 0.0493358 0 0
94.8049 0.446052 0.0110097 0 0
95.0049 3.69725 0.0912422 0 0
95.2049 1.37617 0.0339668 0 0
95.4549 1.27507 0.0314715 0 0
95.5049 0.265956 0.00656451 0 0
95.7049 0.55426 0.0136806 0 0
95.9549 0.295126 0.00728451 0 0
96.0049 0.190639 0.00470548 0 0
96.3049 1.40325 0.034635 0 0
96.3549 0.362208 0.00894025 0 0
96.7049 3.25161 0.0802477 0 0
96.8549 1.59206 0.0392951 0 0
97.1549 3.70613 0.0914612 0 0
97.2549 1.33054 0.0328405 0 0
97.4549 2.52516 0.0623227 0 0
97.5049 0.949538 0.0234369 0 0
97.7549 3.48909 0.0861067 0 0
97.8049 0.678273 0.0167415 0 0
98.1049 3.85178 0.0950543 0 0
98.3049 2.48056 0.0612221 0 0
98.4549 2.19568 0.0541921 0 0
98.7049 3.18836 0.078687 0 0
99.0549 4.67846 0.115445 0 0
99.2549 2.50828 0.0619062 0 0
99.3049 0.48244 0.0119079 0 0
99.5049 3.01058 0.0743008 0 0
99.5549 0.760464 0.0187701 0 0
99.8049 2.75829 0.0680755 0 0
100.055 2.50072 0.0617197 0 0
100.255 2.78586 0.0687557 0 0
100.455 2.98915 0.0737718 0 0
100.555 1.07806 0.026609 0 0
100.755 2.25981 0.0557745 0 0
100.905 1.93924 0.0478633 0 0
100.955 0.749835 0.0185078 0 0
101.155 2.49214 0.0615079 0 0
101.355 2.82243 0.0696582 0 0
101.555 2.6006 0.0641844 0 0
101.655 1.18494 0.0292469 0 0
101.905 3.26579 0.0805976 0 0
102.005 1.41376 0.0348945 0 0
102.255 3.70689 0.0914801 0 0
102.405 2.61247 0.0644771 0 0
102.505 2.03426 0.0502084 0 0
102.605 1.33543 0.0329612 0 0
102.855 2.20329 0.0543797 0 0
102.955 0.315321 0.00778295 0 0
103.155 0.386877 0.00954915 0 0
103.355 0.877205 0.0216516 0 0
103.505 0.772177 0.0190593 0 0
103.755 0.156784 0.00386984 0 0
103.955 0.86578 0.0213696 0 0
104.155 0.992661 0.0245012 0 0
104.405 0.758663 0.0187257 0 0
104.605 0.235999 0.00582507 0 0
104.755 0.698579 0.0172427 0 0
104.905 1.07915 0.0266359 0 0
105.055 1.36137 0.0336014 0 0
105.105 0.563344 0.0139048 0 0
105.355 2.5757 0.0635698 0 0
105.555 2.3569 0.0581706 0 0
105.855 2.4645 0.0608258 0 0
106.055 1.02225 0.0252315 0 0
106.255 0.751445 0.0185475 0 0
106.505 0.42937 0.010598 0 0
106.555 0.281676 0.00695252 0 0
106.805 0.303697 0.00749605 0 0
106.855 0.282413 0.0069707 0 0
107.155 0.329668 0.00813707 0 0
107.405 0.435752 0.0107555 0 0
107.755 1.77215 0.0437398 0 0
107.905 1.36285 0.033638 0 0
108.055 1.56988 0.0387476 0 0
108.255 2.43783 0.0601676 0 0
108.505 2.80305 0.0691799 0 0
108.655 1.09263 0.0269687 0 0
108.705 0.309992 0.00765143 0 0
108.905 0.777415 0.0191886 0 0
109.105 0.742581 0.0183288 0 0
109.355 0.356773 0.00880609 0 0
109.655 0.581477 0.0143523 0 0
109.805 0.194689 0.00480545 0 0
110.005 0.901602 0.0222537 0 0
110.155 1.12046 0.0276555 0 0
110.455 2.70018 0.0666415 0 0
110.805 4.29223 0.105919 0 0
111.005 1.96753 0.0485615 0 0
111.155 1.02333 0.0252583 0 0
111.305 0.790197 0.019504 0 0
111.355 0.208253 0.00514024 0 0
111.505 0.593863 0.0146581 0 0
111.605 0.535185 0.0132097 0 0
111.805 1.37971 0.0340541 0 0
112.055 2.33508 0.057632 0 0
112.455 4.48673 0.110716 0 0
112.655 2.19492 0.0541731 0 0
112.805 1.97298 0.0486962 0 0
113.005 2.51184 0.0619939 0 0
113.105 1.50906 0.0372466 0 0
113.305 2.79105 0.0688838 0 0
113.355 0.726638 0.0179353 0 0
113.605 3.72405 0.0919033 0 0
113.755 2.2046 0.054412 0 0
114.005 3.44893 0.0851159 0 0
114.255 3.12825 0.0772039 0 0
114.505 2.18006 0.0538065 0 0
114.755 1.96645 0.0485349 0 0
114.905 1.12482 0.0277631 0 0
115.005 1.0457 0.0258103 0 0
115.255 2.13954 0.0528066 0 0
115.355 1.20229 0.0296752 0 0
115.555 2.40843 0.059442 0 0
115.705 1.7203 0.0424601 0 0
116.055 2.2528 0.0556016 0 0
116.255 0.732263 0.0180741 0 0
116.505 0.900979 0.0222383 0 0
116.605 0.171333 0.00422895 0 0
116.705 0.1175 0.00290022 0 0
116.855 0.196876 0.00485943 0 0
117.005 0.178136 0.00439688 0 0
117.255 0.25295 0.00624347 0 0
117.405 0.182283 0.00449924 0 0
117.705 0.850755 0.0209987 0 0
118.005 1.70259 0.0420229 0 0
118.055 0.325524 0.0080348 0 0
118.205 0.404859 0.00999299 0 0
118.355 0.294534 0.00726988 0 0
118.555 0.118158 0.00291645 0 0
118.755 0.770373 0.0190147 0 0
118.955 1.39374 0.0344005 0 0
119.005 0.406468 0.0100327 0 0
119.305 1.78722 0.0441115 0 0
119.405 0.417715 0.0103103 0 0
119.505 0.420322 0.0103747 0 0
119.755 0.376731 0.00929871 0 0
119.905 0.283646 0.00700114 0 0
120.005 0.341178 0.00842118 0 0
120.355 0.358524 0.00884931 0 0
120.455 0.195529 0.00482619 0 0
120.605 0.117356 0.00289667 0 0
120.805 0.082104 0.00202655 0 0
121.005 0.0172701 0.000426273 0 0
121.205 0.117882 0.00290964 0 0
121.455 0.0967007 0.00238683 0 0
121.555 0.150751 0.00372095 0 0
121.805 0.0685187 0.00169123 0 0
121.955 0.0810513 0.00200056 0 0
122.255 0.112416 0.00277474 0 0
122.405 0.0876727 0.002164 0 0
122.555 0.0322129 0.000795102 0 0
122.755 0.110985 0.00273941 0 0
122.855 0.186464 0.00460243 0 0
123.105 0.0989049 0.00244124 0 0
123.155 0.0346715 0.000855786 0 0
123.405 0.121504 0.00299904 0 0
123.655 0.217723 0.00537399 0 0
123.755 0.0881955 0.0021769 0 0
124.005 0.247636 0.00611232 0 0
124.105 0.0356069 0.000878874 0 0
124.305 0.0542363 0.0013387 0 0
124.355 0.063295 0.00156229 0 0
124.655 0.254117 0.00627227 0 0
124.805 0.104843 0.00258781 0 0
124.905 0.133618 0.00329806 0 0
125.155 0.0518869 0.00128071 0 0
125.205 0.224305 0.00553645 0 0
125.555 0.20649 0.00509673 0 0
125.655 0.0436264 0.00107682 0 0
125.855 0.157166 0.00387928 0 0
126.005 0.0901591 0.00222537 0 0
126.055 0.204852 0.00505629 0 0
126.305 0.073044 0.00180292 0 0
126.555 0.653703 0.016135 0 0
126.605 0.0712586 0.00175885 0 0
126.855 0.0762544 0.00188216 0 0
127.055 0.0942072 0.00232529 0 0
127.105 0.0839687 0.00207257 0 0
127.205 0.13117 0.00323764 0 0
127.405 0.0458331 0.00113128 0 0
127.505 0.0624639 0.00154178 0 0
127.755 0.151472 0.00373873 0 0
127.805 0.0162872 0.000402012 0 0
128.105 0.172621 0.00426074 0 0
128.205 0.039683 0.000979483 0 0
128.405 0.0254752 0.000628795 0 0
128.505 0.0403967 0.000997099 0 0
128.805 0.109117 0.0026933 0 0
128.955 0.0697134 0.00172071 0 0
129.005 0.180209 0.00444803 0 0
129.255 0.220697 0.00544739 0 0
129.355 0.21484 0.00530283 0 0
129.605 1.30788 0.0322814 0 0
129.705 0.815258 0.0201226 0 0
129.905 1.87192 0.0462019 0 0
130.005 1.01808 0.0251287 0 0
130.305 3.67319 0.0906487 0 0
130.455 1.7626 0.043504 0 0
130.655 3.12985 0.0772436 0 0
130.755 1.44915 0.0357679 0 0
130.855 1.26642 0.0312581 0 0
130.955 1.34823 0.033277 0 0
131.155 3.10577 0.0766494 0 0
131.455 3.73505 0.0921748 0 0
131.555 1.36905 0.0337911 0 0
131.855 5.25856 0.12975 0 0
131.905 0.657738 0.0162347 0 0
132.055 2.02777 0.0500482 0 0
132.405 4.80316 0.11852 0 0
132.455 0.802187 0.0198 0 0
132.705 2.75867 0.0680849 0 0
132.755 0.692799 0.0171 0 0
132.955 2.94976 0.0728 0 0
133.005 0.955314 0.0235794 0 0
133.255 4.34122 0.107127 0 0
133.555 3.23792 0.0799099 0 0
133.855 4.34105 0.107123 0 0
133.955 1.56176 0.0385472 0 0
134.105 1.48017 0.0365336 0 0
134.155 0.617927 0.015252 0 0
134.305 2.0023 0.0494196 0 0
134.405 1.38414 0.0341633 0 0
134.455 0.492759 0.0121626 0 0
134.855 3.33938 0.0824133 0 0
134.955 0.360443 0.00889669 0 0
135.255 1.7553 0.0433239 0 0
135.455 1.09567 0.0270437 0 0
135.605 1.34852 0.0332843 0 0
135.805 1.11329 0.0274785 0 0
135.855 0.325844 0.00804269 0 0
136.005 2.229 0.0550143 0 0
136.255 2.14526 0.0529476 0 0
136.605 3.5183 0.0868274 0 0
136.755 1.60646 0.0396505 0 0
137.005 2.6022 0.0642237 0 0
137.055 0.535277 0.013212 0 0
137.255 0.825259 0.0203694 0 0
137.305 0.0917016 0.00226344 0 0
137.455 1.42091 0.035071 0 0
137.505 0.932896 0.0230261 0 0
137.855 4.03121 0.0994804 0 0
137.905 0.434612 0.0107274 0 0
138.005 1.24413 0.030708 0 0
138.255 3.15608 0.0778907 0 0
138.355 1.09541 0.0270372 0 0
138.555 3.0037 0.0741308 0 0
138.905 4.54197 0.112079 0 0
139.005 1.41595 0.0349485 0 0
139.055 0.789291 0.0194817 0 0
139.405 4.83307 0.119258 0 0
139.555 2.07023 0.0510961 0 0
139.855 4.1345 0.102028 0 0
140.105 3.70323 0.0913897 0 0
140.355 3.83532 0.0946483 0 0
140.555 2.86461 0.070699 0 0
140.705 2.099 0.0518061 0 0
140.905 2.81607 0.0695011 0 0
141.205 4.22126 0.104168 0 0
141.355 1.85663 0.0458247 0 0
141.605 3.40033 0.0839169 0 0
141.805 2.71542 0.0670176 0 0
141.955 1.93741 0.0478182 0 0
142.105 2.19622 0.0542052 0 0
142.255 1.60002 0.0394915 0 0
142.455 1.45933 0.0360192 0 0
142.555 0.524511 0.0129463 0 0
142.805 1.57047 0.0387622 0 0
143.005 0.0710475 0.00175364 0 0
143.255 1.25933 0.031083 0 0
143.305 0.663413 0.0163747 0 0
143.555 2.24385 0.0553807 0 0
143.855 3.50317 0.0864542 0 0
144.005 1.76334 0.0435223 0 0
144.055 0.624479 0.0154137 0 0
144.255 2.19695 0.0542232 0 0
144.405 1.58217 0.039051 0 0
144.555 2.09156 0.0516224 0 0
144.805 2.36372 0.0583388 0 0
145.105 1.51411 0.0373711 0 0
145.305 0.557501 0.0137606 0 0
145.405 0.197358 0.00487131 0 0
145.555 0.301581 0.00744381 0 0
145.705 0.522098 0.0128867 0 0
145.905 0.707952 0.017474 0 0
146.155 0.322373 0.00795701 0 0
146.405 0.371728 0.00917523 0 0
146.655 0.161498 0.00398621 0 0
146.905 0.361471 0.00892207 0 0
146.955 0.315224 0.00778057 0 0
147.105 0.204402 0.00504518 0 0
147.305 1.38812 0.0342617 0 0
147.455 0.333602 0.00823417 0 0
147.755 0.433083 0.0106896 0 0
148.055 2.89196 0.0713737 0 0
148.105 0.672121 0.0165897 0 0
148.355 0.851989 0.0210292 0 0
148.655 0.539131 0.0133072 0 0
148.855 0.311078 0.00767824 0 0
149.005 1.00625 0.0248366 0 0
149.205 0.310544 0.00766505 0 0
149.455 0.55551 0.0137114 0 0
149.605 0.20685 0.00510562 0 0
149.805 0.354126 0.00874077 0 0
150.005 0.256017 0.00631919 0 0
150.255 0.509384 0.0125729 0 0
150.405 0.783281 0.0193333 0 0
150.505 0.311217 0.00768165 0 0
150.705 0.143696 0.00354679 0 0
150.955 0.984088 0.0242896 0 0
151.155 0.798437 0.0197074 0 0
151.305 0.83052 0.0204993 0 0
151.505 0.938704 0.0231695 0 0
151.655 0.261944 0.00646548 0 0
151.905 2.46868 0.060929 0 0
152.105 1.69104 0.0417379 0 0
152.255 1.38583 0.0342052 0 0
152.455 0.983874 0.0242844 0 0
152.755 1.93491 0.0477565 0 0
152.905 0.452905 0.0111789 0 0
153.105 0.425776 0.0105093 0 0
153.255 0.148719 0.00367078 0 0
153.455 0.258061 0.00636962 0 0
153.605 1.07464 0.0265246 0 0
153.905 2.53999 0.0626887 0 0
154.155 1.11819 0.0275994 0 0
154.305 0.4396 0.0108505 0 0
154.505 0.556316 0.0137313 0 0
154.755 0.749044 0.0184883 0 0
154.905 0.0511386 0.00126224 0 0
155.105 0.0905826 0.00223582 0 0
155.305 0.155954 0.00384936 0 0
155.555 0.0776038 0.00191547 0 0
155.605 0.081839 0.00202 0 0
155.855 0.222618 0.00549481 0 0
156.155 1.90091 0.0469174 0 0
156.305 1.40807 0.034754 0 0
156.505 2.19198 0.0541007 0 0
156.555 0.536468 0.0132414 0 0
156.855 3.57517 0.0882304 0 0
157.155 3.83842 0.0947248 0 0
157.355 2.46333 0.0607968 0 0
157.605 3.63317 0.0896614 0 0
157.805 4.25564 0.105016 0 0
158.005 2.70011 0.0666399 0 0
158.205 2.40758 0.0594211 0 0
158.255 1.42837 0.0352552 0 0
158.505 3.48161 0.0859222 0 0
158.705 2.96101 0.0730777 0 0
159.055 4.44814 0.109765 0 0
159.205 2.27503 0.0561502 0 0
159.355 2.11748 0.0522622 0 0
159.505 2.01147 0.049646 0 0
159.705 3.04024 0.0750324 0 0
159.755 0.66795 0.0164867 0 0
160.105 4.81355 0.118776 0 0
160.405 4.30145 0.106146 0 0
160.555 2.17851 0.0537683 0 0
160.705 1.75117 0.043222 0 0
160.855 2.06724 0.0510223 0 0
160.905 0.829822 0.020482 0 0
161.205 4.27694 0.105542 0 0
161.455 2.81547 0.0694863 0 0
161.805 4.63296 0.114323 0 0
161.905 1.03679 0.0255905 0 0
162.055 1.18719 0.0293025 0 0
162.155 0.471532 0.0116387 0 0
162.455 1.5729 0.0388223 0 0
162.505 0.168386 0.00415621 0 0
162.755 1.91279 0.0472107 0 0
162.905 0.546532 0.0134898 0 0
162.955 0.655323 0.016175 0 0
163.205 2.86651 0.0707457 0 0
163.355 1.77437 0.0437946 0 0
163.655 4.22253 0.1042 0 0
163.955 3.10295 0.0765797 0 0
164.105 0.640975 0.0158209 0 0
164.205 0.449668 0.011099 0 0
164.505 1.92279 0.0474573 0 0
164.705 1.26966 0.0313379 0 0
164.805 1.17173 0.028921 0 0
165.055 3.14318 0.0775724 0 0
165.355 4.56041 0.112533 0 0
165.555 1.38715 0.0342377 0 0
165.705 2.33883 0.0577245 0 0
165.905 3.48634 0.086039 0 0
165.955 0.564231 0.0139267 0 0
166.255 3.183 0.0785548 0 0
166.305 0.0855881 0.00211254 0 0
166.555 0.686151 0.016936 0 0
166.755 1.66757 0.0411586 0 0
166.955 1.35198 0.0333698 0 0
167.105 1.74067 0.0429627 0 0
167.405 3.01344 0.0743712 0 0
167.705 2.7636 0.0682064 0 0
168.005 0.937336 0.0231357 0 0
168.155 0.640893 0.0158189 0 0
168.355 0.786609 0.0194155 0 0
168.605 1.51088 0.0372916 0 0
168.705 0.961605 0.0237347 0 0
168.955 2.80465 0.0692194 0 0
169.405 4.60269 0.113576 0 0
169.505 0.584945 0.0144379 0 0
169.555 0.407328 0.0100539 0 0
169.805 1.30082 0.0321069 0 0
170.205 2.2599 0.0557767 0 0
170.305 0.928914 0.0229278 0 0
170.505 1.52928 0.0377455 0 0
170.555 0.557348 0.0137568 0 0
170.855 2.20121 0.0543285 0 0
171.005 0.977941 0.0241379 0 0
171.405 3.38676 0.0835822 0 0
171.455 0.485386 0.0119806 0 0
171.755 1.20911 0.0298435 0 0
171.955 1.51273 0.0373371 0 0
172.405 4.29821 0.106067 0 0
172.555 1.17918 0.0291049 0 0
172.605 0.685819 0.0169278 0 0
172.655 0.256671 0.00633532 0 0
172.755 0.36467 0.00900102 0 0
172.955 1.99502 0.04924 0 0
173.205 2.47312 0.0610386 0 0
173.305 0.252182 0.00622452 0 0
173.855 1.84067 0.0454308 0 0
174.255 1.30134 0.0321198 0 0
174.455 1.11655 0.027559 0 0
174.705 2.25603 0.0556813 0 0
174.855 3.61591 0.0892354 0 0
175.105 3.22773 0.0796585 0 0
175.255 3.44937 0.0851269 0 0
175.505 0.976619 0.0241053 0 0
175.655 0.477113 0.0117764 0 0
175.905 1.16829 0.028836 0 0
176.155 0.639573 0.0157863 0 0
176.205 0.409632 0.0101108 0 0
176.355 0.108718 0.00268346 0 0
176.505 0.465711 0.011495 0 0
176.705 2.79494 0.0689798 0 0
176.905 1.46167 0.0360771 0 0
177.255 2.93948 0.0725463 0 0
177.355 0.454105 0.0112085 0 0
177.605 2.13469 0.0526869 0 0
177.755 1.84869 0.0456286 0 0
177.955 1.96719 0.0485532 0 0
178.205 1.53226 0.0378192 0 0
178.405 0.854403 0.0210888 0 0
178.505 0.120192 0.00296665 0 0
178.805 0.49867 0.0123085 0 0
179.105 3.24267 0.0800272 0 0
179.305 1.86587 0.0460526 0 0
179.355 0.554638 0.0136899 0 0
179.555 2.11245 0.052138 0 0
179.655 0.944919 0.0233229 0 0
179.955 1.73395 0.0427969 0 0
180.155 0.643925 0.0158937 0 0
180.405 0.825626 0.0203785 0 0
180.505 0.195533 0.00482628 0 0
180.805 0.666419 0.0164489 0 0
181.105 2.44648 0.0603812 0 0
181.305 2.43713 0.0601503 0 0
181.505 2.13821 0.0527737 0 0
181.705 1.38747 0.0342456 0 0
181.955 0.336591 0.00830796 0 0
182.155 1.31248 0.0323947 0 0
182.355 0.886569 0.0218827 0 0
182.705 0.800067 0.0197476 0 0
182.955 1.10652 0.0273115 0 0
183.105 1.16829 0.0288359 0 0
183.305 1.30827 0.032291 0 0
183.505 0.689484 0.0170182 0 0
183.555 0.757753 0.0187032 0 0
184.105 4.68675 0.115649 0 0
184.155 0.804231 0.0198504 0 0
184.405 1.36638 0.0337252 0 0
184.705 2.26167 0.0558205 0 0
184.805 1.3137 0.032425 0 0
185.055 0.912476 0.0225221 0 0
185.205 0.402337 0.00993073 0 0
185.405 0.328201 0.00810087 0 0
185.705 0.68171 0.0168263 0 0
186.005 0.236453 0.00583629 0 0
186.155 0.923075 0.0227837 0 0
186.255 0.42826 0.0105706 0 0
186.405 0.39482 0.00974519 0 0
186.605 0.981535 0.0242266 0 0
186.805 1.13845 0.0280996 0 0
187.155 1.88153 0.0464392 0 0
187.205 0.241132 0.00595178 0 0
187.505 1.01581 0.0250726 0 0
187.705 0.560607 0.0138372 0 0
187.905 1.23526 0.0304889 0 0
188.005 0.588768 0.0145323 0 0
188.205 0.96537 0.0238276 0 0
188.455 0.606688 0.0149746 0 0
188.755 0.485097 0.0119735 0 0
189.055 0.272664 0.00673006 0 0
189.355 0.127214 0.00313997 0 0
189.655 0.117164 0.00289191 0 0
190.005 0.204332 0.00504346 0 0
190.205 0.554378 0.0136835 0 0
190.305 0.0730154 0.00180222 0 0
190.605 0.188117 0.00464322 0 0
191.005 0.186537 0.00460423 0 0
191.155 0.10627 0.00262303 0 0
191.305 0.112529 0.00277751 0 0
191.405 0.0946673 0.00233664 0 0
191.605 0.503488 0.0124274 0 0
191.805 1.01077 0.0249482 0 0
192.055 0.730856 0.0180394 0 0
192.155 0.291195 0.00718746 0 0
192.405 0.743227 0.0183447 0 0
192.605 0.203148 0.00501423 0 0
192.805 0.88404 0.0218203 0 0
192.905 0.331241 0.00817589 0 0
193.205 0.725318 0.0179027 0 0
193.455 0.391298 0.00965827 0 0
193.605 0.118071 0.00291432 0 0
193.755 0.131978 0.00325756 0 0
193.955 0.242314 0.00598096 0 0
194.205 0.316247 0.00780581 0 0
194.305 0.0347768 0.000858385 0 0
194.605 0.168792 0.00416625 0 0
194.755 0.118315 0.00292033 0 0
194.955 0.155585 0.00384025 0 0
195.005 0.227041 0.00560397 0 0
195.255 0.1196 0.00295205 0 0
195.455 0.313677 0.00774237 0 0
195.655 1.05976 0.0261574 0 0
195.855 1.54732 0.0381909 0 0
196.055 1.89448 0.0467586 0 0
196.105 0.56767 0.0140116 0 0
196.305 2.50852 0.0619122 0 0
196.555 3.17293 0.0783063 0 0
196.855 3.88715 0.0959269 0 0
197.105 3.38627 0.08357 0 0
197.155 0.926899 0.0228781 0 0
197.405 3.23813 0.0799151 0 0
197.705 4.43465 0.109432 0 0
197.955 3.45217 0.085196 0 0
198.105 2.31668 0.0571781 0 0
198.355 3.65941 0.0903087 0 0
198.805 4.70341 0.11606 0 0
199.005 2.5325 0.0625039 0 0
199.205 2.38756 0.0589272 0 0
199.355 2.23371 0.0551304 0 0
199.555 2.49236 0.0615132 0 0
199.805 4.10193 0.101225 0 0
200.105 3.43604 0.0847981 0 0
200.305 0.990772 0.0244546 0 0
200.505 0.593455 0.014648 0 0
200.705 0.968882 0.0239143 0 0
200.855 0.415506 0.0102558 0 0
201.105 1.68096 0.0414892 0 0
201.405 2.86241 0.0706446 0 0
201.605 2.19408 0.0541525 0 0
201.755 1.73941 0.0429318 0 0
202.055 3.94748 0.0974151 0 0
202.305 3.3805 0.0834278 0 0
202.505 2.75526 0.0680006 0 0
202.755 3.59172 0.0886389 0 0
203.005 3.63086 0.0896043 0 0
203.155 1.57279 0.0388194 0 0
203.305 1.32553 0.0327169 0 0
203.405 0.458166 0.0113087 0 0
203.605 0.663405 0.0163745 0 0
203.855 0.564582 0.0139353 0 0
204.155 0.387833 0.00957275 0 0
204.305 0.261645 0.00645809 0 0
204.505 0.241146 0.00595212 0 0
204.655 0.175441 0.00433036 0 0
204.855 0.114894 0.00283589 0 0
204.905 0.150866 0.00372377 0 0
205.155 0.237171 0.00585402 0 0
205.255 0.187836 0.00463629 0 0
205.455 0.23323 0.00575675 0 0
205.755 0.0984631 0.00243033 0 0
206.005 0.575931 0.0142155 0 0
206.055 0.215016 0.00530716 0 0
206.305 1.11899 0.0276193 0 0
206.455 0.16557 0.0040867 0 0
206.705 0.348112 0.00859233 0 0
206.755 0.225105 0.0055562 0 0
206.955 1.17773 0.0290691 0 0
207.155 1.97019 0.0486272 0 0
207.455 2.97527 0.0734295 0 0
207.705 2.83021 0.06985 0 0
207.905 1.48894 0.0367499 0 0
208.055 1.18951 0.0293599 0 0
208.255 0.767109 0.0189342 0 0
208.455 0.596986 0.0147351 0 0
208.655 0.216485 0.00534343 0 0
208.855 0.219507 0.00541801 0 0
209.055 0.055413 0.00136774 0 0
209.255 0.083804 0.00206851 0 0
209.455 0.16524 0.00407858 0 0
209.705 0.0554939 0.00136974 0 0
209.755 0.0992432 0.00244959 0 0
210.005 0.322872 0.00796933 0 0
210.205 1.07341 0.0264944 0 0
210.355 1.43096 0.0353191 0 0
210.555 2.04392 0.0504467 0 0
210.805 2.7488 0.0678412 0 0
210.955 1.88253 0.0464638 0 0
211.105 1.77808 0.043886 0 0
211.305 2.55614 0.0630873 0 0
211.505 2.93485 0.072432 0 0
211.805 4.1142 0.101528 0 0
211.955 1.76865 0.0436533 0 0
212.105 1.93757 0.0478222 0 0
212.255 1.95981 0.0483711 0 0
212.505 3.22091 0.0794903 0 0
212.755 3.80907 0.0940008 0 0
213.005 3.30212 0.0814938 0 0
213.205 1.9103 0.0471491 0 0
213.355 2.01041 0.0496198 0 0
213.555 2.06615 0.0509953 0 0
213.705 2.58043 0.0636866 0 0
213.955 3.31238 0.0817471 0 0
214.205 3.60023 0.0888488 0 0
214.405 2.08723 0.0515156 0 0
214.605 2.52337 0.0622785 0 0
214.805 2.94917 0.0727855 0 0
215.005 1.40624 0.0347088 0 0
215.205 2.78208 0.0686623 0 0
215.455 0.916332 0.0226173 0 0
215.655 3.05339 0.075357 0 0
215.855 2.05024 0.0506027 0 0
215.955 1.80834 0.0446327 0 0
216.155 2.95528 0.0729361 0 0
216.355 4.04164 0.0997378 0 0
216.605 1.20397 0.0297166 0 0
216.655 0.764301 0.0188649 0 0
216.855 2.37627 0.0586486 0 0
217.055 3.15091 0.077763 0 0
217.355 0.85542 0.0211139 0 0
217.555 0.372008 0.00918214 0 0
217.755 0.200293 0.00494375 0 0
217.955 0.110452 0.00272624 0 0
218.155 0.796028 0.0196479 0 0
218.355 0.923075 0.0227837 0 0
218.555 0.190703 0.00470706 0 0
218.705 0.532879 0.0131528 0 0
218.905 1.07192 0.0264575 0 0
219.105 0.669193 0.0165174 0 0
219.305 0.497406 0.0122773 0 0
219.455 0.157253 0.00388144 0 0
219.655 0.802839 0.0198161 0 0
219.855 1.20773 0.0298096 0 0
220.055 0.848287 0.0209378 0 0
220.255 0.64842 0.0160047 0 0
220.455 0.43426 0.0107187 0 0
220.655 0.216083 0.00533351 0 0
220.855 0.147073 0.00363015 0 0
221.055 0.0844706 0.00208496 0 0
221.255 0.19681 0.00485781 0 0
221.455 0.115134 0.00284181 0 0
221.655 0.0732126 0.00180708 0 0
221.755 0.120166 0.00296601 0 0
221.955 0.0688562 0.00169956 0 0
222.105 0.129384 0.00319355 0 0
222.255 0.288834 0.00712919 0 0
222.455 0.0862289 0.00212836 0 0
222.655 0.269996 0.00666422 0 0
222.805 0.219278 0.00541237 0 0
222.955 0.0766989 0.00189314 0 0
223.055 0.0558846 0.00137938 0 0
223.255 0.0555091 0.00137011 0 0
223.605 0.0983512 0.00242757 0 0
223.805 0.0656954 0.00162154 0 0
224.055 0.0701343 0.0017311 0 0
224.205 0.0510312 0.00125959 0 0
224.405 0.0376302 0.000928813 0 0
224.605 0.122583 0.00302567 0 0
224.805 0.126123 0.00311306 0 0
225.005 0.198932 0.00491016 0 0
225.205 0.0552118 0.00136278 0 0
225.405 0.0435376 0.00107463 0 0
225.455 0.147386 0.00363788 0 0
225.605 0.174729 0.00431278 0 0
225.805 0.168278 0.00415355 0 0
226.155 0.231099 0.00570413 0 0
226.355 0.053302 0.00131564 0 0
226.555 0.0430953 0.00106371 0 0
226.755 0.0897868 0.00221618 0 0
226.905 0.131878 0.00325511 0 0
227.005 0.0159389 0.000393414 0 0
227.305 0.319362 0.0078827 0 0
227.555 0.073627 0.00181731 0 0
227.755 0.0990976 0.00244599 0 0
227.955 0.080106 0.00197723 0 0
228.155 0.138299 0.00341359 0 0
228.355 0.0548654 0.00135423 0 0
228.505 0.123579 0.00305025 0 0
228.555 0.0391896 0.000967304 0 0
228.755 0.149172 0.00368197 0 0
229.005 0.0620801 0.0015323 0 0
229.355 0.160853 0.00397028 0 0
229.455 0.153175 0.00378077 0 0
229.605 0.0352923 0.000871108 0 0
229.755 0.08958 0.00221108 0 0
229.955 0.0969057 0.00239189 0 0
230.055 0.0519088 0.00128125 0 0
230.355 0.0335064 0.000827028 0 0
230.405 0.212706 0.00525014 0 0
230.755 0.184057 0.00454302 0 0
230.905 0.582293 0.0143725 0 0
231.005 0.0661036 0.00163161 0 0
231.205 0.0511465 0.00126243 0 0
231.355 0.0735314 0.00181495 0 0
231.555 0.0561164 0.0013851 0 0
231.805 0.00901761 0.000222579 0 0
232.105 0.370195 0.00913739 0 0
232.255 0.0664833 0.00164099 0 0
232.455 0.0715298 0.00176555 0 0
232.605 0.0164301 0.00040554 0 0
232.855 0.152537 0.00376503 0 0
233.055 0.0964714 0.00238117 0 0
233.255 0.221163 0.00545891 0 0
233.405 0.160753 0.00396781 0 0
233.605 0.218018 0.00538126 0 0
233.855 0.0689908 0.00170288 0 0
233.905 0.127258 0.00314106 0 0
234.105 0.0628081 0.00155027 0 0
234.305 0.121356 0.00299539 0 0
234.455 0.0482017 0.00118975 0 0
234.605 0.234309 0.00578337 0 0
234.705 0.0428223 0.00105697 0 0
234.955 0.0814889 0.00201136 0 0
235.255 0.230837 0.00569766 0 0
235.555 0.0632402 0.00156094 0 0
235.705 0.0224123 0.000553195 0 0
235.755 0.119724 0.00295512 0 0
236.005 0.109865 0.00271176 0 0
236.105 0.134115 0.00331031 0 0
236.455 0.160569 0.00396326 0 0
236.755 0.171002 0.00422078 0 0
236.905 0.0360778 0.000890496 0 0
236.955 0.0561484 0.00138589 0 0
237.205 0.0836814 0.00206548 0 0
237.605 0.119638 0.002953 0 0
237.755 0.115452 0.00284967 0 0
237.955 0.0519424 0.00128208 0 0
238.255 0.169248 0.0041775 0 0
238.505 0.101487 0.00250497 0 0
238.705 0.085079 0.00209998 0 0
238.855 0.0535985 0.00132296 0 0
238.905 0.168024 0.00414728 0 0
239.155 0.0839607 0.00207238 0 0
239.305 0.0477995 0.00117982 0 0
239.655 0.0979432 0.0024175 0 0
239.905 0.020258 0.000500021 0 0
240.105 0.0349539 0.000862757 0 0
240.255 0.0611358 0.00150899 0 0
240.455 0.124986 0.003085 0 0
240.555 0.103978 0.00256645 0 0
240.655 0.0457923 0.00113028 0 0
241.005 0.108857 0.00268688 0 0
241.405 0.0952367 0.0023507 0 0
241.605 0.132229 0.00326376 0 0
241.755 0.0640609 0.0015812 0 0
241.955 0.0810959 0.00200166 0 0
242.255 0.117002 0.00288793 0 0
242.305 0.0781368 0.00192863 0 0
242.505 0.116616 0.00287841 0 0
242.755 0.282932 0.00698351 0 0
243.055 2.05526 0.0507267 0 0
243.205 1.42503 0.0351727 0 0
243.255 0.606958 0.0149813 0 0
243.455 2.22344 0.0548771 0 0
243.655 2.42944 0.0599605 0 0
243.755 1.19892 0.0295919 0 0
244.105 4.6528 0.114812 0 0
244.405 4.15843 0.102619 0 0
244.605 2.78901 0.0688334 0 0
244.755 2.09279 0.0516529 0 0
244.905 2.16944 0.0535443 0 0
245.105 2.80144 0.0691401 0 0
245.155 0.962741 0.0237628 0 0
245.305 2.09826 0.0517877 0 0
245.405 1.57166 0.0387916 0 0
245.605 3.01529 0.0744169 0 0
245.955 5.042 0.12441 0 0
246.305 4.67528 0.115366 0 0
246.355 0.893981 0.0220656 0 0
246.555 2.77468 0.0684797 0 0
246.705 2.19953 0.0542869 0 0
246.955 3.78207 0.0933348 0 0
247.005 0.54852 0.0135389 0 0
247.355 4.73157 0.116755 0 0
247.555 3.1977 0.0789176 0 0
247.755 3.06752 0.0757056 0 0
247.855 1.47508 0.036408 0 0
248.105 3.83202 0.0945669 0 0
248.405 4.38375 0.108176 0 0
248.555 2.04197 0.0503985 0 0
248.605 0.630233 0.0155558 0 0
248.905 2.6538 0.065497 0 0
249.005 0.698495 0.0172406 0 0
249.305 2.55722 0.0631137 0 0
249.455 1.04499 0.0257927 0 0
249.705 2.25522 0.0556614 0 0
250.005 1.06119 0.0261926 0 0
250.155 0.765084 0.0188842 0 0
250.355 0.388926 0.00959972 0 0
250.555 1.30952 0.0323217 0 0
250.755 0.936728 0.0231207 0 0
250.805 0.128372 0.00316856 0 0
250.955 0.429616 0.010604 0 0
251.205 1.66493 0.0410935 0 0
251.555 0.518611 0.0128007 0 0
251.705 0.475411 0.0117344 0 0
251.905 0.253038 0.00624565 0 0
252.155 0.417493 0.0103048 0 0
252.205 0.285855 0.00705566 0 0
252.405 0.109049 0.00269162 0 0
252.705 0.835007 0.02061 0 0
252.955 0.196937 0.00486094 0 0
253.155 0.148306 0.00366059 0 0
253.305 0.0451568 0.00111459 0 0
253.455 0.126737 0.00312822 0 0
253.605 0.639234 0.0157779 0 0
253.655 0.140472 0.00346723 0 0
253.905 0.388053 0.00957817 0 0
253.955 0.0725035 0.00178958 0 0
254.255 0.288982 0.00713285 0 0
254.405 0.535568 0.0132192 0 0
254.655 1.84176 0.0454576 0 0
254.855 1.99893 0.0493365 0 0
255.005 1.61432 0.0398443 0 0
255.305 3.84418 0.094867 0 0
255.505 2.65076 0.0654221 0 0
255.655 2.167 0.0534841 0 0
255.705 0.65461 0.0161574 0 0
255.905 2.8318 0.0698893 0 0
256.105 2.64872 0.0653718 0 0
256.155 0.619699 0.0152957 0 0
256.455 3.77903 0.0932597 0 0
256.655 2.86614 0.0707366 0 0
256.805 1.23187 0.0304053 0 0
257.155 4.48842 0.110758 0 0
257.405 3.11141 0.0767884 0 0
257.555 2.0835 0.0514236 0 0
257.605 0.918904 0.0226808 0 0
257.755 2.04187 0.0503961 0 0
258.005 3.53628 0.0872711 0 0
258.205 2.5856 0.063814 0 0
258.455 3.13027 0.0772539 0 0
258.655 1.64608 0.0406282 0 0
258.905 1.2313 0.0303912 0 0
259.105 0.962869 0.0237659 0 0
259.305 1.30899 0.0323087 0 0
259.505 2.05344 0.0506816 0 0
259.705 1.92166 0.0474295 0 0
259.905 2.05395 0.0506944 0 0
260.105 2.1735 0.0536445 0 0
260.305 1.29334 0.0319223 0 0
260.505 1.0032 0.0247614 0 0
260.555 0.265635 0.00655659 0 0
260.605 0.191985 0.00473871 0 0
260.655 0.187096 0.00461803 0 0
260.705 0.176452 0.0043553 0 0
260.755 0.123521 0.00304883 0 0
260.805 0.230211 0.00568221 0 0
260.855 0.339548 0.00838094 0 0
260.905 0.197492 0.00487462 0 0
260.955 0.11769 0.00290491 0 0
